abbey
abbot
abduct
able
aboard
abode
abort
about
above
abreast
abroad
abrupt
absence
absent
absolve
absorb
abstract
absurd
abuse
abyss
accent
accept
access
accord
account
accuse
achieve
acid
acne
acorn
acquire
acre
action
active
actor
actress
acute
adage
adapt
addict
address
adept
adhere
adjourn
adjust
admire
admit
ado

1710.5
1714.8
2027.5
1945.7
2165.4
1565.5
1832.5
1779.7
1960.9
1851.5
2042.7
2451.6
2818.8
1745.1
2519.2
2513.0
1931.7
2454.4
1858.4
1802.0
1633.3
1619.3
2039.5
2304.7
2063.6
1932.6
2076.0
1462.4
1225.1
1415.4
2067.6
1593.0
1720.6
1949.9
1156.4
1460.5
2891.1
1893.4
2105.4
1718.7
5542.3
1306.5
1577.8
1968.9
1550.1
2556.2
2014.9
1475.2

1012.8
1191.6
1889.6
1770.5
1778.4
1265.5
1524.4
1896.6
1300.8
1454.2
1588.0
2296.5
4679.0
944.2
3108.1
2860.3
1664.5
2521.6
1578.6
1239.1
814.5
907.5
1544.3
2129.8
1795.5
1147.0
1554.9
754.1
626.1
708.7
1665.1
740.0
1355.5
2951.0
476.2
1042.0
4359.3
1366.7
1721.8
1765.7
14750.0
1819.3
776.4
2027.0
2031.6
2258.4
2564.5
1403.8

4.4
3.5
4.8
2.5
4.9
3.0
4.1
2.0
4.1
1.8
4.2
3.1
4.2
4.2
2.5
4.5
3.9
3.0
4.9
4.3
3.8
3.4
3.2
2.5
4.2
3.6
3.6
5.9
6.5
6.0
3.2
5.0
4.1
4.8
6.1
6.4
3.0
1.6
2.9
5.3
5.0
2.0
3.2
2.1
3.5
3.1
3.0
2.2

2.5
2.5
2.3
1.9
2.1
2.3
2.2
1.9
2.3
1.3
2.4
1.8
1.9
2.2
2.0
2.0
2.2
1.8
2.2
2.4
2.3
2.4
2.2
2.2
2.0
2.0
2.1
1.9
1.4
2.0
1.7
2.3
2.3
2.1
1.8
1.3
1.9
1.3
1.9
2.1
2.0
1.9
2.3
1.6
2.2
1.8
2.1
2.2


adopt
adore
adrift
adult
advance
adverse
advice
advise
afar
affair
affect
afford
affront
afloat
afoot
afraid
after
again
against
agent
ago
agree
agreed
ahead
ailment
airport
alarm
alas
album
alert
align
alike
alive
alley
allow
alloy
allure
ally
almond
almost
aloft
alone
along
aloof
aloud
alpha
alright
also
altar

2352.1
2084.7
2091.9
1117.2
1734.0
2500.0
2230.0
2001.3
1752.9
1858.1
2548.8
1920.6
2168.8
1944.5
1993.5
1992.4
1675.6
1503.9
2323.9
1508.0
1789.6
1826.4
2109.2
1905.7
2828.1
1198.4
1589.9
2906.3
1423.8
2596.5
1818.9
1782.8
1997.5
1483.8
2033.8
1949.9
2075.1
1425.8
1215.6
1566.1
1982.6
1734.5
1609.0
2048.0
2316.2
2233.3
1930.1
1974.7
1483.2

3002.3
1840.8
1516.9
465.0
1408.5
2551.0
1750.0
1696.3
1531.8
1722.9
2481.0
1283.0
2554.5
2509.1
1317.0
2224.1
931.9
2157.6
2980.6
948.6
1608.8
1454.1
1538.9
1667.7
5141.0
598.8
925.3
6778.0
959.5
2914.1
1612.3
1586.4
1792.2
987.7
1709.7
1275.3
2087.4
911.2
587.1
1038.0
2084.0
1127.3
1369.8
1865.1
2481.6
1856.5
1433.2
1849.8
912.4

3.4
3.6
3.2
6.5
3.3
2.1
3.3
3.1
2.5
4.4
3.3
4.0
1.8
4.5
2.6
4.8
2.4
2.1
3.2
5.4
1.8
3.4
2.6
3.8
3.5
6.8
6.0
2.3
6.2
4.6
3.7
3.7
5.1
6.4
2.2
4.3
3.1
5.0
6.8
2.9
3.2
4.6
2.5
2.4
3.5
3.8
2.4
1.9
5.4

2.4
1.9
2.0
1.5
2.3
1.5
2.2
2.1
1.6
2.1
2.3
2.1
1.6
2.2
2.3
2.2
1.8
1.5
2.1
2.0
1.3
2.3
1.9
2.2
2.3
1.0
1.7
2.0
1.5
2.2
2.1
2.3
2.2
1.3
1.7
2.2
2.4
2.5
1.2
2.0
1.9
2.4
1.8
1.7
2.2
2.5
1.6
1.6
2.3


alter
although
alto
always
amaze
amber
ambush
amen
amend
amid
amidst
amiss
ammo
among
amount
amuck
amuse
anchor
ancient
android
anew
angel
anger
angle
angry
anguish
ankle
annals
annex
announce
annoy
answer
ante
anthem
anthrax
antique
antsy
anvil
anxious
any
apart
apex
appeal
appear
applaud
applause
apple
apply
appoint

2171.4
1596.7
2200.0
2490.7
2038.0
1764.1
2122.4
1574.5
1899.0
1627.9
2069.5
1568.5
1261.9
1753.2
1984.2
2061.7
2319.3
1080.9
1599.3
1793.4
1758.4
1671.9
2000.2
2066.7
1350.7
1777.5
1052.0
2817.7
2168.5
2476.8
1683.8
1846.8
1636.0
1611.1
1903.5
1758.1
2266.7
2102.7
2265.6
1996.0
1743.5
1879.9
2230.7
2324.6
1635.4
1420.7
1010.6
2012.5
1865.5

2028.5
1297.5
3147.8
2202.6
2035.7
2257.4
1513.1
1119.9
1370.3
1659.1
1434.7
983.0
382.2
1383.7
1449.5
1850.4
2430.3
499.5
952.2
1517.8
1324.6
1605.2
3234.9
2232.1
710.7
1563.6
327.7
1901.7
2079.2
2920.3
1168.4
961.2
712.0
855.7
1355.2
1191.2
2194.1
3618.5
2653.8
1949.1
1188.1
1666.5
2032.4
2354.4
1002.6
773.3
357.1
1900.3
1299.2

5.1
1.8
3.5
2.7
3.1
5.0
4.7
3.8
2.2
2.3
2.8
2.0
5.4
2.6
3.3
2.2
3.7
6.0
5.6
3.5
1.8
6.3
4.8
5.4
5.1
3.3
6.6
2.4
3.2
3.3
4.3
4.2
2.6
4.7
5.0
5.9
3.4
4.6
4.2
2.0
3.8
2.6
3.3
4.2
5.8
5.4
6.9
3.0
3.4

2.4
1.6
2.3
1.8
2.2
2.4
2.0
2.8
1.7
1.8
2.2
1.9
2.2
2.0
2.3
1.5
2.0
2.0
1.8
2.4
1.2
1.6
2.3
2.1
2.1
2.1
0.9
1.7
2.2
1.9
2.3
2.3
2.2
2.1
2.4
1.8
2.0
2.5
2.1
1.6
2.5
2.1
2.1
2.1
1.5
2.3
0.6
2.1
2.0


approach
approve
apron
arbor
arcade
archive
arctic
ardent
argue
arise
armor
armour
army
arose
around
arouse
arrange
array
arrest
arrive
arrow
arson
artist
ascend
aside
asleep
aspect
aspen
asphalt
aspire
assault
assert
assess
asset
assign
assist
assume
assure
asthma
astral
astray
astute
athlete
atlas
atom
atone
attach
attack
attain

2301.4
2155.6
1304.3
2337.3
1564.9
2096.7
1600.5
1847.5
2107.3
2016.8
9359.8
1851.1
1380.0
1959.1
1590.3
1706.9
1790.0
2123.1
1445.7
1862.9
1296.1
1458.0
1375.5
2137.0
1772.0
1451.7
1939.3
1743.1
1505.3
1568.3
1639.6
1725.8
2107.6
2103.2
2210.7
1960.1
2039.7
1779.1
1681.7
2049.0
2593.2
2157.7
1447.1
1333.2
1600.8
1603.3
2416.5
1718.5
1943.2

2517.2
2020.8
777.2
2750.8
1194.5
1574.1
789.0
1269.1
2015.1
1769.2
45867.0
1808.6
962.2
2262.6
822.9
1616.5
1211.3
1723.0
700.9
1199.9
766.5
571.9
805.0
2116.4
1125.7
755.2
1720.8
1253.9
1166.4
1341.9
1213.8
1085.4
1531.2
1407.6
1980.1
1814.0
1616.0
1386.3
1151.9
2402.2
2260.0
2978.9
1002.6
650.8
1014.8
1243.5
2258.3
2332.9
1178.7

3.9
3.4
6.0
4.2
6.7
3.9
6.0
1.4
4.7
3.5
5.9
5.7
6.6
3.8
3.2
4.3
3.3
2.5
6.2
4.0
6.6
5.1
6.2
3.5
3.0
5.9
1.9
4.9
5.5
3.8
5.4
2.3
2.9
3.9
3.4
3.6
2.2
2.4
5.3
1.6
3.5
2.4
6.0
6.2
5.8
2.3
3.9
4.9
3.2

2.2
2.3
2.0
2.4
1.0
2.1
1.8
1.0
1.9
1.9
2.0
1.8
0.7
2.1
1.9
2.3
2.1
1.8
1.4
2.1
1.3
2.1
1.3
2.0
2.0
1.6
1.4
2.6
2.0
2.1
2.0
1.6
2.0
2.2
2.1
2.1
1.6
1.6
2.0
1.5
2.0
1.9
1.8
1.6
1.9
1.9
2.3
2.0
2.0


attempt
attend
attic
attire
attract
auction
audit
aura
author
auto
autumn
avail
avenge
avert
avoid
await
awake
award
aware
away
awesome
awful
awhile
awkward
awoke
awry
axis
axle
babble
baboon
baby
backward
bacon
bagel
baggage
bailiff
balance
ballad
ballast
ballet
balloon
ballot
bamboo
bandage
bandit
banish
banjo
bankrupt
banner

2058.0
1981.4
1236.7
1498.5
1979.1
1912.5
2215.2
2047.3
1575.0
1298.3
1470.8
1871.4
1885.0
1787.0
1598.6
1889.9
1736.6
1529.8
2267.2
1941.9
1910.0
2539.0
1549.2
2108.5
2224.5
1570.9
1438.9
1516.8
2116.7
1880.8
1005.3
1794.6
1089.6
1289.1
1239.0
1917.0
2439.6
1972.5
2529.6
1917.7
1023.6
1557.9
1176.9
1255.2
1634.6
2389.6
1771.6
2090.3
1569.7

1811.3
2370.0
635.6
800.4
1484.7
2794.3
2117.8
1493.5
844.3
662.7
1014.5
1267.0
968.5
1516.3
1124.1
1557.6
1328.2
745.1
2558.1
1618.3
1215.5
2836.6
1037.6
1962.8
1592.4
1045.7
867.2
981.1
1801.1
2943.9
305.8
1874.7
379.1
962.0
921.4
2005.6
2705.4
1621.6
2681.0
3815.2
336.6
852.0
591.1
605.9
1512.9
3238.5
3006.3
1707.5
994.6

3.0
4.3
6.4
5.3
3.5
5.7
2.9
3.1
4.9
5.7
6.6
1.7
2.9
2.5
3.7
2.9
5.0
5.1
3.7
2.6
3.5
2.9
2.0
5.0
4.3
2.0
5.2
5.5
4.4
6.5
6.9
4.2
6.7
6.6
6.3
5.1
4.9
3.6
2.2
6.5
6.7
4.9
6.6
5.9
5.9
3.6
6.7
4.7
6.1

2.2
2.1
1.0
2.1
2.3
1.6
2.0
2.1
2.4
2.0
1.2
1.1
2.3
1.8
2.2
2.0
2.3
2.3
2.4
2.0
2.3
1.9
1.5
2.0
2.2
1.6
2.1
2.1
2.1
1.2
0.3
2.3
1.0
1.1
1.5
2.3
1.9
2.4
1.8
1.3
1.2
2.0
1.4
1.9
1.6
2.3
1.3
2.5
1.4


banquet
banshee
banter
baptize
barber
barely
bargain
barley
barrage
barrel
barren
barter
baseball
basement
bashful
basic
basil
basin
basis
basket
bastard
bathroom
baton
battle
batty
bayou
bazaar
beacon
beanie
beatnik
beauty
beaver
because
become
bedlam
bedroom
beetle
befall
before
beggar
begin
behalf
behave
behind
behold
being
belief
believe
belly

1428.8
1705.1
1646.1
1533.8
1347.0
3611.7
1894.3
1465.7
2537.8
1583.3
2048.4
2058.8
1041.4
1451.0
2095.9
3042.4
1192.6
1807.0
3001.1
1141.8
1634.1
1119.1
1569.5
1590.9
1849.4
1601.0
1775.3
2018.4
1561.9
1900.0
1386.3
1225.1
1624.1
1665.0
1824.5
1140.4
1116.6
2242.1
2142.3
1565.4
1762.9
2465.2
2447.1
2174.7
1892.6
1896.9
2125.8
2310.0
1625.3

769.1
975.2
932.7
738.7
586.5
6946.2
1165.7
798.0
2838.2
2742.7
2568.8
1845.4
393.2
1303.9
1743.5
3472.5
587.5
1331.2
3153.8
508.2
1915.8
640.1
529.8
1531.1
1288.1
874.7
1317.5
1545.5
836.3
1945.2
865.4
735.5
1467.7
1346.6
1156.3
556.5
406.0
2409.2
2132.1
1073.2
1324.5
2527.9
3296.6
2203.3
1197.4
1273.7
2048.5
2208.8
2605.2

6.3
4.4
2.9
6.5
6.5
3.9
4.3
5.5
3.9
6.5
3.9
4.2
6.8
6.6
4.7
3.2
5.9
4.6
2.1
6.6
4.7
6.8
4.6
5.8
2.8
4.2
4.0
4.9
5.8
2.5
5.6
6.5
1.8
2.1
2.3
6.8
6.5
1.8
2.3
5.4
2.3
2.7
3.3
4.2
2.9
2.8
3.4
3.3
6.7

1.3
2.3
2.1
0.9
1.3
2.5
2.1
2.0
2.2
1.3
2.5
2.2
1.1
0.9
2.1
2.2
1.9
2.3
1.9
1.2
2.4
1.5
2.4
1.7
2.1
2.7
2.4
2.3
2.1
2.5
2.0
1.5
1.5
1.5
1.8
0.6
1.3
1.7
1.6
1.8
2.2
2.1
2.0
2.3
2.2
1.9
2.5
2.2
1.1


belong
below
beneath
benign
bequeath
beret
berserk
beseech
beside
bestow
betray
better
between
beware
beyond
bias
bible
bigot
bimbo
bingo
birthday
biscuit
bistro
bitter
bizarre
bladder
blanket
blatant
blazer
blemish
blister
blizzard
blockade
blossom
blubber
boa
body
bogus
bona
bondage
bonfire
bonnet
bonsai
bonus
boogie
bookie
border
boring
borough

2053.2
3046.8
2515.5
2017.4
2093.3
1996.6
2050.8
1446.3
2073.4
1645.7
1620.0
2536.1
2314.1
2444.1
1997.1
2262.1
1212.8
1686.2
2032.5
1300.3
1400.6
1160.1
1873.3
2002.3
2041.7
1402.0
1160.7
2241.5
1367.5
1429.2
1198.7
1178.2
1640.3
1840.2
1653.8
1802.9
1221.6
1910.8
2050.2
1817.1
1186.8
1203.4
1706.0
1933.0
1739.8
1623.2
1845.1
1901.2
3376.0

1534.7
5328.3
2273.6
1274.9
1639.2
1557.0
1155.6
629.8
1666.3
915.1
1262.9
2579.8
3164.2
2068.0
1720.6
1571.4
575.9
1026.4
1659.1
850.6
1123.3
725.0
2727.1
2020.3
1968.0
884.9
848.1
1726.0
680.5
862.7
318.3
552.0
805.0
2200.9
1971.9
1224.3
519.5
1616.4
1816.0
1011.8
631.2
585.7
1371.4
1677.3
1013.6
909.8
1270.0
1116.7
4091.4

2.8
4.4
4.2
2.8
1.8
4.3
3.4
2.2
3.6
2.5
4.1
2.6
4.1
3.3
3.5
3.4
6.9
3.3
5.0
6.7
6.7
6.7
4.6
4.1
4.8
6.0
6.3
3.0
6.0
5.6
6.2
7.0
5.2
6.4
5.8
5.4
6.1
3.2
1.9
4.4
6.8
6.6
4.7
4.2
5.6
5.2
6.3
4.3
2.5

2.1
2.3
2.3
1.9
1.4
2.5
2.4
1.8
2.1
1.6
2.1
1.8
2.1
2.2
2.3
2.2
0.7
2.4
2.2
1.2
0.8
1.2
2.3
2.1
2.1
1.5
1.7
2.3
1.9
2.0
1.7
0.7
2.1
1.4
2.0
2.4
1.6
2.2
1.7
2.4
1.2
1.2
2.4
2.4
1.8
2.0
1.4
2.3
2.0


borrow
bosom
bother
bottle
bottom
boulder
bounty
bouquet
bourbon
boutique
bowel
boxer
boycott
bozo
bracelet
bracket
brandy
brassiere
breakfast
brigade
brisket
brittle
brochure
broker
brothel
brother
brunette
brutal
bubble
bucket
buckle
buddy
budget
buffer
buffet
buffoon
buggy
bugle
building
bullet
bully
bummer
bundle
bungee
bunion
bunker
buoy
burden
bureau

2226.9
2166.7
2897.5
1122.1
1963.4
1234.3
1881.2
1211.3
1564.1
1521.3
1746.3
1087.3
2038.9
1623.8
1119.8
1871.3
1267.6
1635.5
1085.2
1888.1
1379.3
1761.6
1474.3
2105.2
1614.9
1499.7
1079.9
1589.6
1095.1
1260.7
1405.5
1681.9
1612.1
1650.9
1165.3
1483.5
2622.2
1771.2
1195.6
1115.3
1413.6
1806.2
1590.3
1351.3
1795.2
1448.1
1794.9
2014.1
1910.8

2855.3
1934.2
5018.1
716.0
1392.7
515.8
1242.7
1678.0
724.0
1148.1
1470.2
471.2
2005.6
1126.8
380.8
961.9
457.5
818.9
418.8
1491.4
534.2
961.7
958.3
2023.8
663.8
1301.5
402.7
910.5
446.8
1069.8
787.3
1447.5
947.8
1267.9
321.5
1752.8
4455.3
1180.7
471.8
432.5
1058.1
1333.1
984.3
464.8
1112.2
899.8
1277.5
1384.9
1752.3

3.8
4.6
4.4
6.7
5.0
5.6
4.1
6.0
5.2
5.9
5.7
6.4
4.9
4.6
6.7
5.2
5.8
4.1
6.7
4.4
5.1
5.4
6.2
3.7
5.3
6.8
6.7
4.4
6.8
6.4
6.1
5.1
4.5
4.6
6.3
4.1
6.0
5.6
6.7
7.0
6.0
3.2
5.6
6.1
4.2
5.2
4.5
3.7
4.4

2.4
2.4
2.3
1.3
2.4
2.2
2.2
1.5
2.2
1.6
1.8
1.2
2.1
2.6
1.5
2.3
2.0
2.7
0.9
2.4
2.3
1.8
1.5
2.3
2.2
1.0
1.1
2.3
0.9
1.5
1.8
2.0
2.2
2.1
1.7
2.2
1.8
2.2
1.3
0.9
1.4
2.0
2.0
1.4
2.7
2.2
2.6
1.9
2.3


burger
burglar
burlesque
burro
burrow
bushel
business
bustle
busy
butcher
butler
butter
button
buzzard
bypass
cabbage
cabin
cable
caboose
cactus
caddie
caddy
cadet
cafe
caffeine
callous
camel
campaign
campus
canal
cancel
cancer
candid
candle
candor
candy
canine
cannon
cannot
canoe
canon
canteen
canvas
canvass
caper
capsule
captain
captive
capture

1251.2
1684.0
1818.6
1904.3
2134.5
1416.3
1697.0
2066.2
2368.5
1108.4
1256.2
1132.5
1093.9
1252.3
2117.9
1095.9
1365.4
1469.8
1438.9
1463.1
1337.1
1350.7
1374.2
1139.6
2149.4
1823.8
1078.1
1784.4
1334.8
1817.9
1943.5
1455.0
2105.7
1544.7
1922.4
1080.7
1582.9
1271.1
1949.8
1223.4
1765.4
1201.7
1290.6
1677.5
2085.4
1490.3
1378.8
1583.2
1617.6

786.3
1533.8
1253.2
1371.9
2192.5
766.6
1267.3
1545.3
2276.4
512.1
612.2
430.8
499.7
635.9
1832.4
547.2
867.1
799.8
638.5
1434.9
483.8
799.0
587.1
566.3
2429.7
2655.9
533.6
948.8
629.3
1945.3
1552.0
775.5
1641.7
2049.0
1422.1
486.8
1586.2
659.9
1777.0
1063.4
1198.6
614.7
1801.2
986.1
1205.5
1981.4
673.6
799.6
950.4

6.8
6.3
4.1
4.5
4.9
5.3
5.3
3.4
4.7
6.5
6.3
6.8
6.5
5.4
4.3
6.7
6.9
5.6
5.8
6.9
5.8
5.7
5.2
6.7
5.9
4.3
6.8
5.0
6.6
5.8
3.3
5.4
2.6
6.2
1.8
6.6
6.0
6.4
2.4
6.5
5.5
6.2
5.9
6.1
3.3
5.7
6.0
5.2
4.9

0.8
1.1
2.6
2.5
2.2
2.5
2.3
2.1
2.2
1.1
1.5
1.1
1.2
2.1
2.5
1.3
0.4
2.2
1.8
0.4
2.0
1.8
2.3
0.8
1.6
2.6
0.8
2.2
0.7
1.7
2.2
2.2
2.1
1.8
1.3
1.3
1.7
1.3
2.1
1.2
2.2
1.5
1.9
1.8
2.3
1.9
1.7
2.1
1.9


carbon
carcass
career
caress
cargo
carnage
carnal
carol
carpet
carriage
carrot
carry
cartel
carton
cartoon
cartridge
cascade
cashier
cashmere
casket
cassette
castle
castrate
cattle
caution
cautious
cavern
cayenne
cedar
ceiling
celeste
cellar
cello
cement
censor
census
center
central
certain
chalice
challenge
chamber
channel
chapel
chaplain
chapter
charade
charcoal
charter

1593.3
1665.2
1940.4
2381.9
1378.9
1849.8
2460.7
2104.6
1174.3
1668.8
960.4
1402.3
1774.4
1564.4
1529.9
1602.8
1924.4
1121.1
1636.0
1445.6
1365.1
1375.5
2241.0
1126.8
2505.3
2243.4
1347.2
1862.9
1515.4
1330.7
2185.9
1509.2
1596.6
1449.7
2591.3
1933.1
2295.8
2416.6
1996.1
1756.4
2196.1
1689.6
1896.3
1184.0
1432.8
1652.9
1959.8
1119.7
2026.3

679.5
1037.8
2022.0
2415.1
789.6
1408.9
1977.4
2325.0
691.4
1844.2
384.9
1037.5
966.0
1076.4
1671.8
1152.4
1686.8
634.8
1397.1
1543.2
545.3
1761.2
1456.2
721.1
3509.3
1914.6
559.7
1228.7
1497.3
787.2
2964.9
792.8
1081.8
964.4
2617.0
1383.2
1852.6
2022.6
1290.2
1201.4
1901.9
1059.5
2423.6
443.9
553.9
1015.9
1434.2
390.4
2821.4

5.3
5.9
4.0
4.4
5.6
4.3
2.5
4.8
6.4
6.1
6.9
4.7
3.5
6.2
6.1
6.2
4.7
6.8
5.3
6.3
6.6
6.7
5.3
6.5
4.2
3.5
5.3
3.8
6.0
6.6
2.6
6.0
4.0
6.3
4.2
4.1
5.5
4.4
2.5
4.7
3.9
5.0
5.6
6.8
5.2
4.9
3.6
6.7
4.0

2.4
1.8
2.2
2.1
2.0
2.2
2.0
2.2
1.5
1.9
0.2
2.4
2.6
1.6
1.6
1.6
2.1
0.7
2.2
1.3
1.2
1.0
2.1
1.3
2.0
2.4
2.1
2.6
1.9
1.0
2.1
1.8
2.7
1.3
2.2
2.4
1.6
2.0
1.7
2.7
2.1
2.3
2.1
1.1
2.4
2.3
2.3
0.8
2.4


chartreuse
chassis
chateau
chauffeur
cheddar
cheetah
cherish
cherry
cherub
chicken
children
chili
chilli
chimney
chisel
chlorine
chorus
christmas
chronic
chuckle
cider
cigar
cinder
cipher
circa
circle
circuit
circus
city
civic
civil
classic
clatter
clearance
cleavage
clergy
cleric
clever
cliche
client
climate
climax
clingy
clinic
closet
closure
clover
clumsy
cluster

1933.9
1903.5
1894.3
1478.3
1310.9
1023.7
3000.7
1728.7
2100.2
1234.6
1129.8
1327.3
1602.1
1543.7
1390.9
1577.9
1401.2
1185.4
2251.5
2162.8
1973.3
1124.4
1924.5
1998.8
3110.5
1284.7
1803.6
1843.9
1176.3
2119.3
2434.2
1798.7
1855.3
3187.6
1445.0
1346.0
1923.7
1973.2
2456.7
1776.4
2077.4
1621.1
2006.5
1353.1
1572.5
1878.2
1000.6
1349.8
1789.8

1621.3
1023.8
1604.9
913.9
814.0
497.8
4389.4
3808.2
2809.1
2016.6
659.9
629.2
1014.5
1947.4
759.6
736.9
718.6
943.2
1873.4
2574.1
2674.6
679.0
1806.0
1272.0
4451.0
857.4
1514.9
3632.4
532.4
2166.2
3023.9
1311.3
1141.3
6163.6
594.9
493.6
1066.3
1376.0
1340.7
1517.3
1398.0
1070.6
2263.1
678.6
1258.3
1394.8
306.6
745.9
1328.5

3.4
3.1
4.8
5.3
6.4
6.9
3.6
6.7
3.5
6.6
6.6
6.4
6.0
6.7
6.0
5.7
5.4
6.8
3.3
4.9
6.0
6.8
4.1
2.8
2.6
6.6
5.2
6.5
6.1
3.0
3.4
3.6
4.1
3.7
6.2
5.5
3.5
3.9
3.2
5.3
5.3
4.9
4.9
5.7
5.9
3.4
6.7
4.7
5.1

2.7
2.5
2.5
2.2
1.3
0.5
2.5
1.2
2.7
1.1
1.1
1.2
2.0
0.8
1.6
2.0
1.9
0.5
2.4
2.3
1.6
1.1
2.6
2.0
2.0
1.3
2.2
1.2
1.9
2.3
2.0
2.4
2.1
2.3
1.3
2.0
2.6
2.2
2.1
2.1
1.9
2.2
2.1
1.9
2.0
2.2
1.3
2.4
2.0


clutter
coaster
cobalt
cobbler
cobra
cocaine
cocktail
cocky
cocoa
cocoon
coed
coffee
coffin
cola
collage
collapse
collar
collect
college
collide
cologne
colon
color
column
coma
combat
combine
comet
comfort
comic
coming
comma
command
commence
commend
comment
commerce
commit
common
commune
commute
compact
compare
compass
compel
compete
compile
complain
complaint

1844.0
1954.4
1986.7
1465.1
1031.2
1117.2
1093.7
1849.8
1426.2
1592.7
1818.0
1017.1
1083.9
1024.8
1920.7
1555.4
1293.2
2437.2
1216.4
1415.1
1416.0
1820.7
1532.1
1641.8
1534.5
1743.5
1792.5
1617.1
2173.2
1738.5
2091.8
1764.6
3053.6
2426.5
1991.3
1766.0
2065.2
2086.0
2028.4
3031.4
2105.7
1914.2
1913.3
1182.2
1773.3
1798.5
1577.4
1555.4
2225.1

995.0
1496.9
2453.2
675.6
470.4
609.1
304.2
1217.5
1206.8
1528.4
1221.5
876.7
466.6
351.5
1230.0
888.3
752.2
2630.0
511.1
699.0
1012.4
1175.1
1187.2
1200.8
1437.8
2349.4
1107.0
1155.9
2135.0
830.4
1783.6
1193.6
4315.0
2383.2
1592.4
1112.3
1280.9
1706.1
2100.1
2401.1
1960.2
1703.2
1670.2
356.1
1159.8
1222.1
2083.6
949.2
2597.0

5.5
6.1
5.3
5.4
6.2
6.7
6.7
5.3
6.5
6.4
4.2
6.7
6.6
6.7
5.7
5.3
6.7
3.6
5.7
5.2
6.1
5.8
5.8
5.9
5.9
5.3
4.2
6.5
4.4
5.4
3.0
6.1
3.5
2.8
2.9
3.3
2.7
3.7
3.5
2.7
4.6
4.6
3.6
6.4
2.8
4.0
3.5
4.1
3.4

1.7
1.6
2.3
2.2
2.1
0.7
0.8
2.1
1.0
1.4
2.5
1.2
1.1
0.9
1.5
2.1
0.6
2.3
2.1
2.0
1.5
1.7
2.2
2.2
2.0
2.0
2.2
1.1
2.2
2.1
2.0
1.7
2.1
2.1
2.0
2.0
2.1
2.3
2.4
2.1
1.9
2.3
2.1
1.7
1.9
2.3
2.3
2.2
2.0


complete
complex
comply
compose
compost
compound
compress
compute
conceal
concede
conceive
concept
concern
concert
conclude
concrete
concur
condemn
condo
condom
condone
condor
conduct
confer
confess
confide
confine
confirm
conflict
conform
confound
confront
confuse
conga
congress
conjure
connect
conquer
conquest
conscience
consent
conserve
console
consort
conspire
constant
construct
consul
consult

2540.4
1869.9
2213.4
2162.8
1812.3
2302.5
1949.4
3106.1
2118.2
2485.5
1495.2
1998.2
2440.6
2343.0
2249.9
1476.5
2062.0
2064.7
1529.3
1763.9
2304.9
1556.4
2355.9
1938.3
1992.0
2321.7
1917.3
2282.7
2676.3
2447.9
1742.4
2534.9
2199.4
1998.9
1557.4
1853.4
2382.8
2120.8
2225.5
2411.0
1563.1
2015.1
2003.1
1754.0
1638.1
1950.5
1970.4
2238.9
2685.1

2299.8
1085.6
1844.1
1291.3
1207.0
3952.6
1686.6
6539.2
2014.2
2630.8
1984.4
1852.0
3789.4
4906.5
1975.8
989.9
1731.3
1490.3
742.7
1565.1
1083.3
1410.0
2190.0
1348.8
1637.7
2492.7
1915.1
2209.5
3239.4
2949.2
1592.9
2434.3
2297.4
2682.7
1337.7
1523.8
2580.5
1507.2
2080.4
1912.0
1845.1
1565.6
1891.1
1397.0
1041.4
1237.7
1897.4
1787.3
3045.0

3.6
3.6
3.1
4.1
4.8
4.2
4.3
4.1
3.6
2.8
3.7
1.9
3.0
5.6
3.0
6.2
2.6
4.5
6.1
6.7
2.2
3.7
3.2
2.7
4.6
3.1
3.3
2.7
4.3
3.4
2.1
4.4
3.4
4.4
5.5
3.0
3.3
4.3
4.0
3.6
3.1
3.4
4.0
2.6
3.0
3.6
5.2
2.9
2.8

2.0
2.3
2.1
2.2
2.2
2.5
2.4
2.2
2.3
2.2
2.4
1.7
1.8
1.9
2.4
1.9
1.9
2.4
1.5
0.6
1.6
2.6
2.0
1.8
2.2
2.0
2.2
2.2
1.8
1.9
1.5
1.9
2.2
2.3
1.8
2.1
2.1
2.2
2.2
2.1
2.3
2.0
2.2
1.8
2.1
2.1
2.0
2.1
2.0


consume
contact
contain
contempt
contend
content
contest
context
contract
contraire
contrast
control
convene
convent
converge
converse
convert
convey
convict
convince
convoy
cookie
coolant
copper
copy
coral
cordial
cordon
corpus
corral
correct
corrupt
corsage
corset
cortex
cosmic
cosmos
costume
cosy
cottage
cotton
cougar
council
counsel
countess
country
county
couple
coupon

2199.1
2243.8
2177.4
1876.6
2244.3
1990.8
1786.0
1875.9
2077.4
2025.0
1866.2
2028.1
1967.9
2027.3
2669.2
2073.6
2114.1
1909.5
2183.9
2058.1
1691.3
895.3
1565.9
2390.9
1865.0
1307.6
2089.5
2210.7
3893.7
1584.3
1555.3
2772.6
1453.2
1306.5
2444.0
1609.0
1585.6
1646.9
1634.0
1165.2
1546.1
1187.2
1598.3
2425.4
2774.1
1551.7
2082.4
948.0
1418.2

1858.3
1646.1
2131.5
1387.4
2281.0
1325.9
1179.9
1366.4
1340.3
2510.4
1500.4
1727.6
1788.5
1293.9
2730.9
1287.6
1313.2
2620.3
2315.3
1274.2
1168.2
246.6
670.8
5784.2
1355.4
732.3
1835.1
1901.8
5322.8
881.3
1032.8
3334.1
721.8
494.0
1775.5
1092.6
1026.5
1043.6
1019.4
668.5
2060.3
591.8
991.6
2278.1
4685.4
1116.0
1429.0
1512.0
1788.6

4.7
4.2
3.5
2.9
2.6
3.0
4.2
2.0
4.2
1.9
3.8
3.4
2.7
5.0
3.6
4.1
3.4
2.4
4.9
3.0
4.1
6.6
4.8
6.2
4.2
6.1
2.7
2.4
3.8
6.2
3.9
3.3
6.0
6.0
3.8
3.9
4.9
6.5
3.7
6.0
6.7
6.5
5.2
4.7
4.3
6.5
5.0
5.9
6.3

1.8
2.4
2.2
1.8
2.0
2.0
2.3
1.3
2.4
1.2
2.2
1.8
1.9
2.5
2.1
1.9
2.4
1.8
2.0
1.8
2.6
1.2
2.4
1.7
2.5
1.8
1.9
2.0
2.3
1.6
2.4
2.2
2.2
1.9
2.2
2.5
2.3
1.4
2.3
1.9
1.1
1.4
1.9
2.2
2.5
1.3
2.3
1.4
1.6


courage
cousin
coven
cover
covert
covet
coward
cozy
crackle
cradle
crater
crazy
create
creature
credit
credo
crescent
cretin
cricket
crimson
cripple
crisis
critic
critter
crooked
croquet
crucial
crumble
crusade
cryptic
crystal
cubic
cuckoo
cuddle
cuisine
culprit
culture
cunning
curfew
current
curry
curtain
curtsy
cushion
custard
custom
cycle
cynic
dabble

2451.5
1532.8
2139.3
1690.4
1859.6
2193.3
1727.8
1934.1
2189.2
1432.0
1448.0
1952.4
1954.8
1599.1
2276.6
1944.1
1759.3
2080.9
1384.9
1539.0
1448.4
1728.0
1314.7
1482.8
2579.1
1485.8
2380.7
2941.5
1589.2
1832.8
1478.3
1902.8
2439.1
1370.2
1359.2
1882.5
1896.2
2020.1
2122.0
2005.5
1954.8
1354.4
1533.9
1202.0
1725.7
2488.6
1613.8
1827.3
1804.1

2818.9
1345.3
2283.9
881.7
1214.3
2221.5
1198.4
1582.2
2211.6
725.1
718.7
1535.5
1624.9
978.8
2287.3
2070.6
1407.6
1171.6
904.0
1004.4
799.3
1046.6
363.9
661.4
4491.2
764.3
1524.7
5073.9
1121.9
1259.1
1765.0
1180.4
2060.6
735.8
547.1
1771.9
1174.0
1273.2
1889.4
1545.4
1778.8
781.1
930.3
620.8
1061.5
3440.6
1017.7
1102.0
1054.7

4.2
6.2
2.7
5.5
3.0
3.2
4.7
5.1
5.1
6.1
6.3
5.2
3.8
6.0
4.4
1.7
5.5
3.0
6.3
5.5
6.3
4.4
4.6
6.2
4.8
5.2
2.8
5.4
5.0
2.8
6.5
4.9
4.7
6.1
5.3
4.4
4.5
4.0
3.8
3.8
4.1
6.4
5.3
6.1
5.4
3.3
6.1
2.7
2.8

2.1
1.7
2.1
1.9
2.3
2.1
2.0
2.0
1.9
1.5
1.4
2.1
2.3
2.0
2.0
1.1
2.0
2.2
1.6
2.0
1.1
2.0
2.2
1.5
2.2
2.3
2.1
2.0
2.4
2.0
1.3
2.3
2.2
1.4
2.0
2.4
2.1
2.1
2.6
2.3
2.4
1.4
2.4
1.7
2.1
2.1
1.7
2.0
2.2


daddy
dagger
dainty
dairy
daisy
damage
damsel
dandruff
dandy
danger
dangle
dapper
darling
data
daughter
dawdle
dazzle
deacon
deadline
dealer
debate
debris
debut
decade
decaf
decay
deceit
deceive
decent
decide
declare
decline
decor
decoy
decrease
decree
deduce
deduct
default
defeat
defect
defence
defend
defense
defer
define
deflect
defuse
defy

1313.1
1135.8
1793.9
1311.1
774.4
1998.4
1471.9
1406.5
2032.5
2067.9
1822.5
1977.8
1821.1
1966.9
1033.2
1876.0
2674.6
1408.4
2116.8
1363.4
1619.6
1533.6
1989.5
2323.1
1869.1
3565.5
2391.7
2051.1
2710.3
1836.8
1742.9
2272.4
1614.0
1778.1
3246.5
3271.5
2410.9
1732.3
1842.8
2162.2
2107.3
2833.4
2288.0
2906.3
1747.8
1748.7
2071.7
1705.9
1863.1

883.6
438.9
1143.1
770.1
1449.3
2244.9
1052.6
1044.9
1401.9
1966.2
1498.5
1545.3
1420.6
1267.2
373.6
1664.2
3962.3
590.7
1871.7
524.5
1105.0
717.9
2030.2
2496.0
1172.4
6864.4
2681.3
1302.3
2563.5
1338.0
934.7
2289.6
1041.4
1390.4
3493.0
5561.0
4262.3
1324.0
1273.3
2005.7
1532.3
2603.3
2099.6
3552.8
1285.6
1100.5
1223.6
1112.9
1701.4

6.6
6.4
3.8
6.2
6.6
5.1
4.8
6.4
3.1
4.6
5.5
2.9
4.6
5.0
6.8
2.7
4.4
5.1
3.6
5.6
4.3
5.4
3.3
3.7
5.0
5.4
2.7
3.2
2.8
2.4
3.5
3.9
4.9
4.9
3.9
3.3
2.2
2.7
3.4
4.0
3.2
3.4
3.5
3.8
2.3
2.9
3.8
3.1
3.2

1.2
1.7
2.4
1.5
1.4
2.2
2.2
1.4
2.0
2.1
1.9
2.4
2.0
2.2
0.5
1.9
1.8
2.5
2.4
1.9
2.2
1.9
2.4
2.6
2.3
1.8
1.9
1.9
1.9
1.6
2.1
2.1
2.2
2.1
2.3
2.3
1.8
2.0
2.2
2.2
2.1
2.3
1.9
2.0
1.9
2.2
2.0
2.3
2.4


degrade
degree
delay
delete
delight
deluxe
demand
demise
demon
denim
denounce
dental
dentist
depart
depict
deploy
deport
depot
depress
deprive
derby
derive
descend
descent
describe
desert
deserve
design
desire
desist
despair
despise
despite
dessert
destroy
destruct
detach
detail
detain
detect
detest
detour
detox
device
devil
devise
devoid
devote
devour

2396.4
2049.8
1917.2
2422.3
1930.9
2185.3
1878.9
2042.6
1985.7
1127.4
1826.0
1698.2
1021.5
1927.5
1797.0
1539.1
2385.1
1658.2
2347.4
1879.8
1487.8
2307.7
1898.6
3181.8
2181.5
1492.2
2106.9
3488.2
2438.5
2653.2
1725.2
3112.7
2312.7
1214.0
1705.3
2414.4
2056.1
3043.0
1906.6
2659.8
2289.0
1600.9
1976.9
2190.1
1015.0
3073.0
1798.5
2302.4
1578.9

2047.1
1404.0
1572.1
2283.3
1255.2
1762.2
1197.7
1727.3
3649.4
414.0
1400.6
1487.6
646.5
1785.5
1161.6
861.3
1946.4
956.9
1591.5
2223.8
999.2
2158.6
1566.9
2600.5
1591.0
794.1
1629.2
10855.1
2581.2
3156.1
1228.3
5865.7
3523.8
577.8
1651.4
1830.3
1817.1
4151.4
1199.8
2747.7
1281.7
838.3
1966.1
2385.6
289.8
5109.9
1445.2
2181.5
1175.4

3.3
5.0
3.1
5.2
4.1
3.7
3.5
3.4
6.1
6.2
2.9
6.2
6.7
3.6
2.5
4.4
3.7
4.1
4.0
3.0
4.2
2.9
4.0
3.3
2.7
6.5
3.2
4.5
3.2
2.7
3.9
3.5
2.4
6.8
5.1
4.3
3.6
2.9
3.4
3.2
2.5
4.6
4.2
4.9
6.4
3.4
1.9
2.7
4.6

2.1
2.4
2.1
2.1
2.1
2.2
2.3
2.3
1.6
1.7
2.3
1.1
0.9
1.8
1.6
2.3
2.2
2.3
2.2
2.4
2.5
2.0
2.1
2.0
2.1
1.4
2.3
2.2
2.0
2.1
1.9
2.0
2.0
0.8
2.0
2.1
2.0
2.0
2.3
2.4
2.0
2.3
2.5
2.1
1.4
2.3
1.4
2.0
2.2


devout
diaper
dictate
diesel
diet
differ
diffuse
digest
digit
dildo
diner
dinghy
dinky
dinner
direct
dirty
discard
disclose
disco
discord
discount
discreet
discuss
disdain
disease
disgrace
disgust
dismal
dismiss
dispatch
dispense
disperse
display
dispose
dispute
disrupt
dissect
dissent
dissolve
dissuade
distant
distinct
distract
distress
district
disturb
ditto
ditty
diverse

1976.9
1345.8
2283.9
1788.0
1896.1
2274.7
1738.7
1821.8
1601.8
2075.0
1460.0
1861.4
1727.1
1752.1
2114.1
1492.7
2583.8
2421.1
1230.4
1887.0
1909.0
2333.8
2895.3
1938.7
1439.0
2485.1
3165.8
1906.8
1714.2
1860.0
2025.2
2702.8
2275.8
2222.1
2033.1
2478.1
1820.1
2878.6
1870.9
1835.3
1962.7
2066.7
2571.9
2063.4
2274.6
2479.2
2428.3
2333.5
1753.5

1577.0
768.1
1994.1
2436.7
1554.9
1612.6
1183.7
1082.9
1383.1
1134.8
1317.3
975.5
975.1
2142.6
2080.1
701.1
3009.0
3107.4
613.5
1444.0
1298.7
1952.9
3156.7
1500.0
926.9
2462.9
2786.6
1353.9
841.0
1079.9
1483.4
3846.5
2271.3
2004.1
1832.8
2775.9
889.3
4800.4
1761.8
1578.4
1433.9
1460.8
3556.7
1297.7
2416.9
3022.1
2043.3
2730.9
1252.4

3.0
6.7
3.2
6.0
5.4
3.1
3.4
5.0
5.6
5.8
6.3
3.1
4.0
6.4
3.2
6.1
4.1
2.6
6.4
2.3
3.5
3.0
3.3
2.5
5.3
3.0
4.2
3.2
3.8
3.0
4.1
3.4
4.5
4.1
3.7
3.8
4.9
2.8
4.1
1.8
3.7
3.1
3.5
3.9
4.0
3.8
3.1
1.8
4.0

2.0
0.9
2.2
1.6
2.1
2.0
2.1
2.0
2.3
1.7
1.0
2.5
2.4
1.5
2.2
1.5
2.3
2.0
1.2
1.9
2.4
1.8
2.2
1.9
2.2
2.1
2.0
2.2
2.2
2.2
2.2
2.1
2.1
2.0
2.3
2.2
2.3
2.1
2.2
1.8
2.1
2.1
2.3
2.2
2.3
2.1
2.2
1.5
2.4


divert
divide
divine
divorce
divulge
dizzy
docile
docket
doctor
doctrine
doing
dollar
dolphin
domain
donate
donkey
donor
donut
doodle
doozy
dormant
dorsal
dosage
double
doughnut
downtown
dowry
dozen
dragon
drama
drastic
drawing
dreary
dresser
dribble
drifter
drivel
drowsy
druthers
dryer
dual
duel
duffel
duly
dummy
dumpster
duress
during
duty

2791.9
1965.0
2086.2
1580.5
1922.0
1542.3
1918.3
1946.6
1310.6
1907.8
1917.9
1141.1
937.8
2343.7
1802.1
1413.8
2019.2
1377.3
1454.2
2489.7
1884.0
1672.4
2187.3
1632.1
1228.0
1381.8
2241.3
1302.1
1145.5
1734.7
2872.7
1271.5
1671.6
1431.5
1522.4
2723.0
1872.1
1392.1
1814.2
1124.9
1713.6
2057.4
1297.9
1664.2
1840.0
1334.5
1781.1
2086.3
1564.1

3439.8
1396.0
1543.0
1345.4
2322.3
1070.7
1370.6
1118.6
1411.4
1334.5
2888.9
639.2
290.6
2180.9
1446.8
1416.7
1527.3
1077.0
758.9
2134.3
1181.4
1425.3
2015.7
1031.5
771.3
834.1
1444.3
580.7
656.9
1116.7
3113.9
671.1
1154.7
1049.7
1308.0
5438.2
1647.3
695.7
1679.5
399.5
1273.0
1768.7
751.0
1244.7
1393.3
1434.5
1376.4
2228.8
1009.5

3.0
4.7
4.2
4.7
2.1
4.9
3.0
2.4
6.9
4.3
2.5
6.9
7.0
3.3
4.4
6.8
4.6
6.9
5.6
3.3
4.1
4.5
3.9
5.3
6.8
5.8
4.2
6.1
6.7
4.9
3.3
5.7
3.7
6.2
5.9
4.6
2.0
4.7
1.6
6.1
5.0
5.2
4.8
2.1
5.3
6.3
2.6
2.1
4.0

2.2
2.0
2.4
2.5
1.7
2.1
2.1
2.2
0.5
2.3
2.1
0.4
0.2
2.2
2.0
1.1
2.1
0.2
1.9
2.2
2.4
2.6
2.1
1.8
0.5
2.0
2.2
1.6
0.8
2.0
2.0
2.0
2.3
1.4
1.6
1.9
1.7
2.3
1.3
2.0
2.1
2.1
2.3
2.0
2.1
1.5
1.7
1.7
2.4


eager
eagle
early
earnest
earring
easy
echo
eclipse
edit
eerie
effect
effort
either
eject
elbow
elect
elite
email
embark
emblem
embrace
emerge
empire
employ
empty
encore
endorse
endure
enforce
engage
engine
enhance
enjoy
enlist
enough
enroll
ensign
ensure
enter
entice
entire
entrails
entrance
entree
entry
envoy
envy
enzyme
epic

1907.1
1130.3
2806.2
2549.9
1381.0
2093.8
2177.6
1286.6
1700.6
2080.3
2320.1
1778.1
1623.6
1734.1
940.3
1804.2
2143.2
1562.6
1479.0
1821.7
1504.1
2358.8
2558.0
1937.9
2253.5
2044.9
2122.2
1884.2
2165.4
2406.1
1114.7
2137.6
2066.1
2101.9
1743.3
1872.0
2307.5
1589.8
2012.7
1685.6
2378.6
1826.6
2084.0
1964.1
1667.7
2212.7
1997.1
1875.9
1650.8

963.5
521.2
3423.4
2632.9
678.2
1829.8
2143.6
555.6
836.6
1913.0
1994.1
1211.1
1302.4
1213.2
251.2
1254.5
2497.0
1735.4
1909.0
956.6
951.4
1919.4
4773.9
2342.1
4376.7
1319.8
2577.5
1740.3
1489.1
2146.2
527.7
2057.1
1415.2
2185.6
1522.2
1813.4
2449.5
1079.3
2108.3
733.1
2001.8
1757.1
3305.9
1482.9
1461.4
1508.5
1583.6
1156.5
1135.1

3.3
6.4
3.9
2.2
6.0
3.2
4.2
5.9
3.7
4.1
2.8
3.5
2.3
4.7
6.5
4.4
4.4
6.3
3.3
5.0
5.1
4.3
5.8
4.0
5.5
3.1
3.1
2.9
3.7
3.8
6.3
3.6
3.7
3.5
2.7
4.2
1.8
2.6
4.1
3.2
3.0
3.8
5.9
5.2
4.9
2.4
4.0
4.8
4.2

1.8
1.5
2.3
1.6
2.0
2.2
2.5
1.5
2.3
2.2
1.8
2.1
1.6
2.4
1.5
2.3
2.1
1.3
2.2
2.4
2.0
2.0
1.7
2.4
2.0
2.3
2.3
2.1
2.1
2.2
1.9
2.3
2.3
2.4
2.2
2.2
1.4
2.0
2.3
2.0
2.1
2.6
1.9
2.1
2.0
2.0
2.5
2.1
2.4


equal
era
erase
erect
ergo
ermine
errand
error
escape
escort
escrow
essay
essence
estate
esteem
ether
ethic
ethics
ethnic
evade
even
ever
every
evict
evolve
exam
exceed
excel
except
excess
exchange
excite
exclude
excuse
exempt
exert
exhale
exhaust
exile
exist
exit
expand
expect
expel
expense
expert
expire
explain
explode

1813.5
3196.8
1869.5
1541.9
1727.3
1375.4
1878.0
1911.8
2552.2
1851.4
1812.3
1427.9
1876.4
1394.9
2129.5
1627.6
2427.5
2130.1
1634.7
1971.3
1845.5
1421.2
1788.9
2171.3
1884.2
1208.8
3026.5
1994.1
1966.7
2122.0
3029.5
2246.4
2377.4
2413.9
1819.0
1974.9
2105.6
2411.1
1949.1
2060.5
1527.1
1752.7
2062.5
1991.9
2570.1
2221.8
2281.6
2174.8
1672.0

1328.5
4950.5
1146.9
874.5
1055.9
1707.7
943.9
1131.1
2652.8
1829.0
1704.9
689.3
1244.8
753.5
2029.3
614.5
1862.4
1884.5
1635.8
1773.2
2057.3
755.0
981.5
2016.2
1344.2
530.1
3961.7
1345.3
1939.7
1662.3
3697.4
3037.3
2421.9
2320.1
1614.4
1441.3
3255.7
2084.2
1449.8
1807.8
854.5
1215.4
1839.6
2170.1
1841.8
1900.5
2603.9
2438.4
1402.5

4.8
3.2
5.6
5.8
2.1
1.7
4.7
4.8
4.5
5.5
2.3
5.7
2.8
4.7
3.3
2.8
2.9
2.8
4.7
3.0
3.0
1.8
2.4
4.2
4.1
6.2
2.9
3.6
2.3
3.7
4.1
4.4
3.5
3.1
3.2
3.2
4.8
4.7
3.6
3.3
6.2
4.0
3.1
3.7
3.7
4.5
3.7
3.6
6.4

2.1
2.1
1.8
2.0
1.8
1.9
2.2
2.3
2.2
1.9
1.9
2.0
2.0
2.4
2.0
2.3
2.0
2.2
2.1
2.2
2.3
1.3
2.0
2.3
2.4
1.4
2.1
2.0
1.8
2.0
2.3
2.1
1.8
2.1
2.1
2.0
1.9
2.6
2.6
2.3
1.3
2.2
2.1
2.4
2.1
2.3
2.3
2.3
1.6


exploit
explore
export
expose
express
extend
extent
extinct
extort
extra
extract
extreme
fabric
facade
facial
faction
factor
failure
fairy
falcon
fallow
famine
famous
fancy
fanfare
farewell
farmer
farther
fashion
fatal
father
fathom
fatigue
faucet
fauna
favor
feather
feature
fecal
feces
feeble
feeling
feline
fellow
felon
female
femme
femur
fender

3070.4
2124.7
2166.2
3204.5
1825.4
1977.5
2123.7
2129.8
2109.3
1868.5
2216.1
1987.0
1498.1
2990.4
1827.7
2335.6
2191.0
2334.9
1302.3
1352.1
2795.8
1859.4
2246.6
1489.8
2265.6
1725.4
1077.9
2066.5
1752.5
1876.3
1310.9
1729.6
1876.1
1724.9
1563.1
2105.9
1380.6
1965.9
1877.6
1677.5
2252.8
2124.1
1689.4
1892.5
1629.5
1414.8
1851.3
1422.8
2275.8

5249.4
1935.8
1533.0
5383.5
1462.5
1627.2
1449.4
2877.3
2549.5
1578.6
3247.4
1933.9
1693.2
4042.9
1372.9
1666.7
1421.4
2378.9
777.0
1264.3
4582.5
1515.6
2657.3
1015.3
1854.0
1152.8
569.8
1546.3
1788.8
3035.2
1517.8
985.8
2057.2
1593.2
707.3
2011.8
1813.3
1252.9
1443.2
1442.5
2442.4
1387.1
1189.7
1117.0
762.2
1300.0
1713.4
582.8
2462.4

2.7
4.5
3.3
4.1
3.9
4.0
2.6
4.7
1.8
3.5
4.0
4.1
6.1
2.6
5.8
3.2
3.3
3.8
6.1
5.4
2.0
5.1
5.4
5.0
3.2
4.3
6.7
3.6
5.7
5.0
6.6
2.5
4.3
6.3
2.7
3.1
6.4
3.6
4.7
5.9
3.0
3.5
5.3
3.3
5.3
6.6
2.8
5.9
4.7

1.9
1.9
2.2
2.3
2.4
2.3
2.0
2.3
1.6
2.1
2.0
2.4
1.5
1.7
1.7
2.2
2.3
2.0
1.5
2.2
1.8
2.0
1.8
2.2
2.0
2.2
1.0
2.0
1.6
2.2
1.3
1.7
2.0
1.7
2.5
2.1
1.5
2.4
2.3
2.2
2.2
2.2
2.5
2.2
2.2
1.1
2.0
1.9
2.4


fennel
ferret
ferry
fertile
fester
festive
fetal
fetish
fetus
fever
fiber
fibre
fickle
fiction
fiddle
figment
figure
final
finance
finesse
finger
finish
finite
fiscal
fitness
fixture
flagrant
flannel
flavor
flier
flimsy
floozy
flourish
flower
fluent
fluid
flutter
flyer
focus
folder
follow
folly
fondue
footage
football
forbid
forego
forehead
foreign

2025.9
1232.5
1475.6
2123.4
2344.3
1944.2
2389.8
2104.9
1195.7
1458.6
1606.4
2269.3
2178.3
2187.3
1398.8
1998.1
1864.7
2559.3
2246.7
2031.2
1209.0
1715.4
2710.6
1703.4
1496.1
1844.1
1964.2
1504.0
1581.0
2157.5
1758.2
1803.5
1903.8
1408.8
1707.2
1910.1
1720.0
1571.1
2194.8
1398.0
1885.6
2022.0
1356.6
1718.5
1231.3
1903.6
2207.3
1355.1
1688.0

1593.7
863.9
859.7
2150.4
2891.6
1230.7
2470.4
1933.5
694.0
791.1
747.1
2795.8
2871.3
1534.8
1350.6
1088.1
1611.9
2476.8
2302.1
1082.6
594.6
1488.5
3049.3
809.3
1169.5
1374.3
1260.1
1098.7
891.3
1430.2
1381.0
1388.1
1212.8
1368.4
1099.4
1659.1
1246.4
1079.2
3133.0
739.8
1851.1
1632.0
718.4
766.7
740.0
1544.1
3186.8
659.3
1120.2

2.5
6.5
5.4
4.7
3.8
5.1
5.0
3.8
6.5
5.3
5.1
2.7
2.5
3.7
5.8
3.0
4.7
4.0
4.4
3.1
6.9
4.1
2.8
2.2
5.4
4.6
2.8
6.2
4.3
4.7
4.9
3.8
4.0
6.5
3.5
6.1
4.8
6.1
3.8
6.6
4.3
3.3
6.3
4.8
6.6
3.6
2.0
6.7
3.8

2.3
1.4
2.2
2.2
2.0
2.2
2.1
2.4
1.4
2.4
1.9
2.3
1.9
2.2
2.0
2.1
2.2
2.1
2.1
2.2
0.4
2.3
1.8
1.9
1.6
2.2
2.1
1.9
2.5
2.4
2.2
2.4
2.2
1.3
2.3
1.4
2.1
1.6
2.3
1.3
2.0
2.3
1.9
2.0
1.2
2.3
1.5
1.1
2.2


forest
forfeit
forget
forgive
forgot
formal
format
former
forsake
forte
fortress
fortune
forum
forward
fossil
fountain
foyer
fraction
fracture
fragile
fragment
frantic
freckle
freebie
freedom
frenzy
friction
friendship
frigid
frisky
frolic
frontier
frozen
fulfill
fumble
function
fungus
funnel
funny
furlough
furnace
furnish
further
fury
fusion
futile
futon
future
gable

1134.9
2073.5
2577.4
2179.3
2360.8
1700.8
1702.7
1836.5
2076.8
2268.6
1404.7
2170.8
1668.9
2284.9
1405.0
1400.4
1765.5
2206.9
2009.7
2263.7
2207.9
2329.0
1136.9
1922.4
1789.6
1958.3
2644.1
1995.2
1799.7
1932.1
2024.3
1646.1
1265.3
1662.3
1422.1
2343.7
1305.4
1389.3
1375.1
2296.4
1193.4
2365.8
2130.1
1988.7
2015.6
2340.5
1278.8
2022.3
1974.2

588.0
2317.1
3130.0
2173.9
2597.2
1217.6
1447.2
1374.8
1545.6
1888.7
794.4
1432.1
1335.7
3289.4
1120.5
724.0
1360.4
1647.2
1846.1
2345.6
2017.2
2278.2
475.9
874.7
859.8
1660.8
1844.1
1919.9
1242.4
1840.6
1583.7
791.7
690.9
912.3
892.5
2046.9
706.6
983.2
802.3
1728.7
496.5
2683.1
1919.1
1411.3
1152.7
1503.3
542.0
1391.2
1316.8

6.7
3.1
3.1
3.7
2.7
5.1
2.6
3.3
2.8
2.4
5.8
5.0
3.8
4.1
6.2
6.2
4.0
4.9
5.7
4.7
5.2
3.9
6.7
3.9
4.6
4.0
4.8
5.1
4.5
4.4
4.0
5.1
6.1
2.5
4.9
3.1
6.1
6.7
4.7
1.9
6.0
4.6
3.7
4.4
4.1
2.7
6.2
4.0
1.9

0.8
2.2
2.1
2.3
2.0
2.1
2.0
2.1
2.2
2.1
1.7
2.1
2.4
2.2
1.7
1.5
2.5
2.2
2.1
2.4
1.8
2.2
1.7
2.2
2.3
2.2
2.0
2.2
2.4
2.4
2.3
2.0
1.6
1.9
2.4
2.1
1.8
1.1
2.3
1.9
2.2
1.8
1.9
2.1
2.3
2.1
1.6
2.4
1.5


gadget
gala
gallant
galley
gallon
gallop
gallows
galore
gamble
gander
gangrene
gangster
garage
garbage
garden
gargle
garland
garlic
garment
garnish
garter
gasket
gather
gator
gauntlet
gavel
gazelle
gazette
geezer
gender
genie
genius
genome
genre
genteel
gentile
gentle
gentry
gerbil
gesture
getting
ghetto
giddy
giggle
gimmick
ginger
giraffe
girdle
gizmo

2173.4
4051.1
2309.8
3640.4
1163.4
1623.1
1896.9
2118.5
2084.2
2273.9
1826.6
1252.5
756.6
1184.6
1358.0
2176.4
1448.5
1146.9
1663.3
1610.5
1807.5
1792.5
1669.4
1155.6
1954.0
1572.7
1523.6
1783.3
1662.3
1589.7
1459.5
2288.9
1813.2
1994.3
1874.1
2453.3
2063.5
1846.7
1082.1
1849.2
1926.5
1395.4
1393.7
1193.2
1748.4
1761.4
1078.3
1555.4
1548.4

3291.2
13468.8
1813.0
10492.0
459.5
1296.6
1724.4
1864.6
3072.4
1717.9
1070.7
799.5
1453.9
888.4
1648.3
1710.5
610.3
437.8
1179.9
1153.8
1304.5
1207.0
1400.7
557.1
1463.7
680.6
1453.1
1047.0
1534.2
988.5
594.5
2886.6
767.2
927.2
1598.1
1520.3
1508.3
1521.8
356.9
1232.4
1563.7
1590.1
629.4
583.0
1191.9
1923.9
810.0
692.4
965.4

5.8
3.6
3.1
4.3
6.5
5.9
4.2
2.8
5.6
3.7
4.6
6.6
6.8
6.4
6.8
5.5
4.5
6.5
5.9
5.0
4.3
3.7
4.3
6.6
5.2
5.3
5.7
4.7
5.2
5.8
6.2
5.1
3.5
3.7
2.0
3.3
4.9
2.0
5.9
4.6
2.4
6.1
4.5
5.7
3.9
6.2
6.9
5.9
4.9

1.3
2.3
2.3
2.6
1.5
1.9
2.5
2.2
2.0
2.1
2.4
1.1
0.6
1.3
0.8
1.7
2.5
1.2
1.7
2.1
2.6
2.4
2.2
1.2
2.1
2.4
2.5
2.4
2.2
1.9
1.7
2.1
2.4
2.4
1.8
2.2
2.2
1.7
2.0
2.2
2.0
1.6
2.5
1.9
2.3
1.6
0.3
2.0
2.2


glacier
glamour
glimmer
glitter
glory
glucose
glutton
gnarly
goalie
goatee
gobble
goblin
goddess
goggle
going
golly
gonna
gopher
gorgeous
gospel
gossip
goulash
gourmet
govern
grammar
grandeur
granite
graphic
grateful
gravel
gravy
grievance
grievous
grisly
grizzly
groggy
groovy
grotesque
grotto
grovel
guidance
guitar
gully
gumbo
gurney
guru
gusto
gutter
gymnast

1234.5
1961.0
2051.6
1700.3
1873.7
1716.6
1926.2
1602.2
1346.5
1455.6
2275.3
1324.9
1485.7
1667.7
2079.6
1583.7
3826.4
1142.2
1650.9
1632.5
1758.3
1700.5
1772.4
1987.4
1631.6
1820.1
1659.6
1823.9
1902.3
1609.5
1303.5
1735.1
2001.8
2327.2
1450.2
2810.4
1777.9
2511.9
1855.1
1995.6
2039.2
1062.4
2051.2
1855.6
1734.3
1990.3
1827.9
1446.6
1429.1

725.9
1897.1
1538.6
2800.6
1408.6
1192.6
1225.6
816.4
578.2
899.9
1976.2
650.3
917.6
1326.2
2143.0
1365.2
7580.7
734.3
1152.6
3266.7
1404.4
1208.3
787.6
1134.5
1031.4
1506.4
1910.4
1695.9
1395.9
1425.9
791.3
1820.6
1457.9
1753.3
1078.9
5740.2
1325.0
4287.6
1576.0
1391.6
2030.0
751.9
2201.9
2569.9
728.0
2129.6
1261.6
1209.3
665.8

6.6
4.3
4.7
6.3
3.9
5.1
4.2
4.3
6.2
6.5
5.4
6.2
5.8
6.3
2.8
2.2
1.9
6.2
6.0
6.1
4.8
5.1
5.5
3.9
4.8
3.2
6.4
5.7
3.6
6.3
6.7
3.0
2.9
4.8
5.7
4.8
4.3
4.3
3.4
4.0
3.9
6.6
3.9
5.4
5.0
5.3
2.8
6.0
6.1

1.0
2.5
1.9
1.7
2.2
2.1
2.5
2.4
1.4
1.3
1.9
1.4
1.9
1.5
1.9
1.9
1.6
1.6
1.3
1.8
2.1
2.6
1.9
2.4
2.3
2.1
1.4
1.8
2.3
1.3
0.8
2.1
2.0
2.4
2.3
2.2
2.0
2.3
2.4
2.1
2.1
1.3
2.5
2.5
2.3
2.0
2.1
1.9
1.7


gypsy
habit
haggard
haggle
hairdo
hallway
halo
hammer
hammock
hamper
hamster
handle
handy
hangar
hanger
hanky
happen
happy
harass
harbor
hardy
harem
harlot
harness
harpoon
harvest
hassle
hatchet
haven
havoc
hazard
hazel
heathen
heaven
heavy
hectic
heifer
heinous
heiress
heirloom
hello
helmet
hemlock
herald
heresy
hermit
herpes
herring
hiccup

1097.1
2408.0
2102.6
1633.4
1650.6
1554.4
998.0
992.6
1204.8
1899.3
1029.0
1605.7
2087.8
1612.2
1493.3
2058.7
1902.7
1687.1
3208.7
1710.0
2109.1
1524.4
1561.5
1618.4
1321.1
2135.1
1959.9
1312.6
2303.8
2155.1
1383.6
1252.2
1799.1
1359.1
1451.4
2421.5
1920.4
2204.3
1629.9
1759.7
1785.1
1489.2
1879.5
2185.7
2234.5
1425.6
1853.2
1671.0
1484.3

387.4
2786.6
1290.8
751.8
962.8
1411.0
298.2
426.0
494.3
1358.0
301.9
1009.7
1851.0
1065.3
876.1
1673.0
1399.3
2198.6
4745.1
1410.9
1480.5
984.3
849.2
1214.5
736.3
3611.8
1637.3
616.9
1418.2
2702.7
509.9
471.3
1064.6
1040.3
898.1
2873.8
1437.4
1952.5
719.9
1220.7
1138.2
2931.9
1131.3
1622.6
2397.2
785.1
1109.7
1105.9
862.3

6.3
4.2
4.3
3.7
5.5
6.4
6.0
7.0
6.0
5.8
7.0
5.2
3.7
5.0
6.3
4.0
2.5
5.3
4.1
6.0
3.6
3.4
3.4
5.2
5.7
6.1
3.7
6.3
3.2
3.6
4.8
5.7
3.4
6.0
5.3
4.5
4.4
2.8
5.1
4.4
5.2
6.8
3.2
3.3
2.7
5.7
5.7
5.1
5.9

1.6
2.5
2.0
2.3
2.1
1.2
1.9
0.2
1.7
2.1
0.2
2.4
2.4
2.4
1.6
2.5
1.8
2.2
2.1
2.1
2.2
2.5
2.5
2.3
2.0
1.4
2.2
1.4
2.5
2.1
2.0
2.1
2.1
1.8
1.8
1.8
2.7
2.4
2.1
2.2
2.2
0.8
2.3
2.4
2.0
2.1
2.2
2.2
1.8


hickey
hijack
hippie
hippo
hippy
hither
hobby
hobo
hockey
hokey
holler
holster
holy
homage
homely
honest
honey
honor
hoodlum
hooky
hoopla
hooray
hormone
hornet
horrid
horror
hostage
hostel
hostess
hostile
hotel
hover
huddle
hula
human
humane
humble
humbug
humid
humor
hundred
hunger
hungry
hurdle
hurrah
hurray
hurry
husband
hussy

1447.9
1382.7
1333.8
976.7
1526.0
2236.6
1744.5
1270.2
1014.1
2115.0
2330.0
1610.1
2473.7
2940.2
1951.2
2355.2
1269.4
2453.9
1630.8
2023.7
2383.3
1898.5
2131.0
2224.3
1861.9
1572.6
1466.9
2479.1
1925.7
2187.8
1188.2
1945.7
1245.1
1296.7
1141.3
2093.4
1936.8
2115.6
1794.8
1517.2
1726.5
1453.1
1514.5
1371.0
2648.6
2135.8
2058.6
1181.1
1543.9

843.8
676.2
1171.8
400.5
1416.8
2368.0
1135.3
469.1
318.8
1195.5
2054.0
763.6
3491.4
4250.0
1489.8
2751.9
629.4
2048.7
832.7
2874.2
3385.0
1649.0
1637.8
5474.2
1128.0
1110.6
1171.1
2322.4
2332.3
2167.1
729.6
2279.6
436.5
644.9
575.3
1210.9
1565.1
1819.4
1334.6
862.4
1062.5
1066.3
1000.0
2624.5
2871.0
1988.0
1768.8
614.4
817.1

5.9
6.1
6.9
6.5
6.3
2.8
5.1
6.4
7.0
2.8
4.3
5.6
4.8
3.1
4.4
3.1
6.8
4.0
5.5
3.9
2.5
4.2
4.5
6.0
4.1
4.3
6.3
4.7
6.1
4.3
6.7
4.5
5.8
5.8
6.4
3.7
3.7
3.1
5.0
4.9
5.5
4.7
5.4
6.1
4.2
3.6
4.1
6.4
3.9

2.1
1.4
1.1
1.3
1.8
1.8
2.1
1.5
0.2
2.5
2.3
1.8
2.2
2.1
2.3
2.2
0.6
2.1
1.7
2.3
1.9
2.6
2.4
1.8
2.3
2.2
1.0
2.2
1.8
2.3
1.1
2.2
1.8
2.0
1.4
2.4
2.1
2.1
2.0
2.0
2.0
2.4
2.3
1.6
2.4
2.2
2.0
1.3
2.4


hustle
hybrid
hydrant
hygiene
hyper
icing
icon
ideal
idle
idol
ignite
ignore
image
immense
immune
impact
impart
impede
implant
implore
imply
import
impose
impound
impress
imprint
improve
impulse
inbred
incense
incest
include
income
increase
incur
indeed
index
indict
induce
indulge
inept
infant
infect
infer
inflict
inform
ingrate
inhale
inject

1812.0
1329.6
1251.2
1723.8
1947.2
1341.8
2040.0
2413.4
2110.4
1945.1
1882.6
2054.3
1824.9
2412.9
1946.3
2408.0
2638.9
1926.3
1988.6
1617.3
1941.0
2036.5
1671.5
1901.7
1832.1
1983.1
2009.7
1850.0
2213.5
2448.5
2056.7
2230.4
1599.5
2604.8
1891.0
1788.9
1466.3
1466.8
2433.3
2269.9
1777.7
1150.2
1835.1
1614.7
2072.4
2057.2
2301.5
1634.8
1657.6

2161.2
842.3
1829.3
1188.7
1445.9
867.1
1253.0
2249.4
1839.4
2216.3
1509.7
1606.2
1390.8
2451.1
1212.2
2978.3
2865.9
1518.1
1323.1
915.5
1816.8
1874.9
1318.9
1578.4
1154.8
1416.6
1614.6
1698.5
1847.8
1920.1
1628.9
2691.9
1026.3
2532.5
1976.0
1648.5
1038.8
872.7
2045.7
3208.2
1316.8
570.0
1742.0
867.1
2153.8
2244.6
1785.6
990.7
1072.6

4.1
5.7
5.7
5.3
5.2
6.4
5.0
2.8
3.6
5.4
5.7
3.8
5.7
3.7
3.8
4.2
2.4
2.5
5.0
2.3
2.3
3.6
3.0
3.9
4.0
3.4
3.4
3.9
3.3
5.2
3.6
3.0
3.9
3.9
1.9
1.7
4.6
1.9
3.4
3.7
2.1
6.4
4.1
2.0
3.2
3.1
2.6
5.8
5.4

2.3
1.5
2.2
1.9
1.7
1.2
2.1
2.0
2.3
2.1
1.7
2.3
2.1
2.0
2.3
2.0
1.7
1.8
1.8
1.9
2.0
2.2
1.9
2.3
2.1
2.2
1.8
2.3
2.5
2.2
2.6
2.1
2.3
2.3
1.2
1.3
2.5
1.8
2.1
2.2
1.9
1.3
2.3
1.4
2.3
2.1
1.9
2.0
1.7


injure
inmate
innate
input
inquest
inquire
insane
insect
insert
insight
insist
inspect
install
instance
instant
instead
instinct
instruct
insult
insure
intact
intend
intense
intent
intern
into
intrigue
invade
invent
invest
invite
invoice
invoke
involve
inward
irate
iris
iron
island
issue
item
itself
jackal
jacket
jaguar
jargon
jasmine
jasper
java

1892.8
2465.9
2066.5
1873.3
1600.0
1574.5
1820.4
1053.7
1917.7
1890.8
2020.6
1939.1
1659.7
1988.2
1681.2
1822.6
2259.4
2594.5
2908.7
1601.2
2061.2
2056.2
2660.1
1940.4
1588.7
1907.7
2047.4
2136.8
2215.8
2340.5
1827.8
2112.9
2151.2
1986.2
1836.6
1866.4
1386.4
1330.6
1618.2
2680.5
1688.6
1714.0
1638.7
1138.9
1291.8
1790.9
1817.8
2005.9
2026.5

987.5
5059.8
1977.8
1451.7
1335.0
959.0
1303.1
450.4
1585.7
1548.1
1133.7
2200.1
1196.2
1777.3
932.9
1320.5
2294.1
1665.1
3765.6
873.7
1650.3
1645.2
2790.0
1282.1
921.7
1411.2
1513.3
2367.2
1800.3
1803.7
2524.3
2915.7
2807.5
2668.5
1042.1
1919.4
860.0
1019.4
2180.1
2525.9
819.3
1246.0
905.4
706.1
1526.9
1174.7
2027.7
2036.3
1385.5

4.8
5.8
2.5
3.0
1.9
2.9
4.9
6.6
4.7
2.8
3.2
4.3
4.8
2.4
3.6
1.9
3.1
3.2
4.2
2.8
3.9
2.3
3.5
2.3
5.8
3.1
2.8
4.6
3.8
3.3
4.2
3.6
2.5
3.3
2.9
3.5
6.1
6.4
6.6
3.3
5.1
2.1
4.9
6.8
6.5
3.3
6.0
3.1
5.4

2.0
1.7
1.8
2.2
1.6
2.1
2.0
1.5
2.1
2.1
2.2
2.1
2.0
1.9
2.2
1.7
2.1
2.2
2.0
2.2
2.1
1.3
2.5
1.7
1.7
2.1
1.7
2.1
2.1
2.1
2.3
2.5
1.8
2.0
1.8
2.0
1.7
1.1
1.1
2.2
2.1
1.9
2.3
0.6
1.3
2.5
2.2
2.4
2.2


jealous
jelly
jersey
jester
jewel
jiffy
jiggle
jingle
jockey
jolly
journal
journey
judgment
judo
juggle
jumbo
juncture
jungle
junior
junket
jury
justice
kaput
karma
kazoo
kebab
keister
kennel
keno
kernel
ketchup
kettle
khaki
kibble
kidney
kingdom
kitchen
kitten
kitty
kiwi
knowledge
knuckle
kosher
label
labor
lackey
lacrosse
lactose
ladder

1887.9
1171.9
1259.7
1718.3
1153.8
2486.2
2963.6
1843.2
1162.0
1393.0
1163.7
1503.9
2214.5
1519.3
1517.1
1830.2
1719.0
1268.3
1606.1
1583.7
1181.7
2316.6
1777.0
2037.0
1220.0
2711.3
1841.2
1051.2
1477.9
1302.4
992.4
1539.4
1395.1
2344.1
1125.4
1486.3
1423.8
1162.2
1053.2
1338.0
2159.3
1589.6
1902.4
1982.3
1991.1
1637.8
1463.1
2345.2
1192.9

1872.5
681.6
619.6
1159.3
543.6
3279.3
6537.3
1660.1
544.7
954.9
689.9
776.7
1892.7
861.6
1013.8
1181.6
1094.4
807.4
763.5
847.2
407.4
2189.1
1025.5
2449.3
2013.0
3940.4
1159.8
1524.7
654.6
817.9
478.6
1242.8
931.7
3062.4
713.2
785.4
905.9
735.6
745.5
1722.2
1609.6
1389.4
1297.6
1291.6
1927.2
746.4
695.8
2598.4
651.8

4.3
6.5
6.6
5.5
6.8
4.7
5.6
5.3
6.4
5.1
6.2
5.2
3.9
4.6
5.9
5.0
3.4
6.8
4.5
2.2
6.4
4.4
2.3
3.3
4.0
4.9
3.6
6.4
4.8
6.4
6.7
6.2
6.5
4.0
6.6
6.5
6.8
6.7
6.6
6.6
3.7
6.7
3.6
5.3
4.8
3.0
5.8
3.7
6.4

2.2
1.2
0.7
2.2
0.6
2.3
2.0
1.8
1.5
2.2
1.2
2.3
2.2
2.5
2.0
2.1
1.9
0.7
2.3
1.8
1.2
2.4
1.8
2.5
2.8
2.5
2.6
1.3
2.4
1.6
1.1
1.7
1.0
2.6
1.5
0.9
1.2
1.5
1.0
1.2
2.1
0.9
2.4
2.1
1.9
2.2
2.2
2.2
1.4


laden
ladle
lady
lagoon
lament
language
larvae
larynx
laser
lasso
latent
later
latex
lather
latrine
latter
launder
laundry
lava
lavish
lawyer
layer
lazy
leary
leather
lecture
ledger
leeway
legal
legend
legion
leisure
lemon
leopard
leper
lesion
lesson
lethal
letter
lettuce
level
lever
liar
libel
licence
license
lilac
lilly
lily

1965.0
1746.1
1900.5
1347.8
1933.9
1889.6
1398.1
1600.9
1336.6
1326.6
2051.3
2111.0
1631.9
2072.1
1372.8
2322.0
2229.5
1174.5
1217.0
2109.3
1293.7
1767.5
2134.9
1863.4
1345.9
1664.6
1609.6
2074.3
2435.0
2678.1
1668.3
1761.8
1641.4
1099.1
1705.6
1850.8
1574.0
1456.2
1205.0
1133.3
1849.9
1401.9
2616.1
2152.0
1490.7
1753.2
1283.4
1458.0
1345.5

1860.6
1183.7
3097.5
762.0
1142.8
1372.2
779.3
1181.1
770.6
646.2
2231.6
1412.7
1040.7
2028.4
668.0
1524.0
1985.7
808.7
512.3
1479.5
855.5
929.8
2044.8
1654.7
743.5
1193.9
951.0
1845.1
2998.2
2943.2
1022.8
1045.6
1648.9
555.3
1329.1
1512.5
905.4
1228.4
981.9
515.4
1149.4
887.0
3346.6
2406.1
799.0
2284.2
1014.5
1473.4
698.8

2.6
5.8
6.2
6.0
3.1
4.3
5.5
5.1
5.6
5.6
2.1
2.6
5.5
5.7
4.8
3.2
2.7
6.4
6.5
3.4
6.6
5.0
5.0
2.6
6.5
5.0
3.9
2.4
3.7
3.8
4.7
3.8
6.7
6.8
5.2
4.2
4.6
4.8
6.4
6.6
4.5
6.1
4.2
2.4
6.1
6.4
6.2
5.8
6.3

1.9
1.9
1.7
1.8
2.2
2.4
2.2
2.6
2.2
2.2
1.6
1.7
2.0
1.5
2.6
2.4
2.3
1.2
1.1
2.1
1.3
2.3
2.2
1.7
1.8
2.2
2.4
1.6
2.4
2.3
2.4
2.2
0.8
1.2
2.4
2.2
2.4
2.3
1.3
1.2
2.2
1.8
2.5
2.0
1.7
1.5
2.2
2.2
2.0


limber
limbo
limit
linen
linger
lingo
linguist
lining
lion
liqueur
liquid
liquor
listen
liter
litter
little
liver
lizard
llama
lobby
lobster
local
locate
locker
locket
locust
logic
logo
lonesome
lookout
loopy
lotion
lotto
loyal
lucid
lucky
luggage
lumbar
lumber
lunar
lupus
lurid
luscious
lyric
lyrics
machine
macho
madam
madame

1836.9
1695.1
2338.8
1147.2
2163.3
2291.4
2900.0
2080.3
1341.4
1815.6
1233.3
1122.0
2266.7
1771.4
1409.6
2064.1
1286.2
1277.7
1461.8
1377.8
1041.9
1752.9
2106.3
1170.4
1429.6
1804.1
2178.8
1370.1
2470.6
2724.3
1728.4
1244.9
1743.9
2094.4
3133.5
1920.4
1059.4
2059.6
1464.6
1299.8
2709.5
1899.7
1886.1
1867.2
1552.8
1716.8
2294.9
1536.7
1580.6

1296.9
1099.1
2025.8
400.5
1949.3
2401.5
5657.2
2135.8
2351.7
1031.4
1772.8
583.9
2544.4
878.6
634.5
2218.2
1401.8
1267.0
1014.8
707.5
454.6
1059.1
1978.7
823.1
791.7
2656.1
1665.8
605.9
2464.0
2556.3
905.7
745.9
1271.4
1698.8
5137.2
1242.4
388.2
2680.5
2218.7
520.9
2994.3
1854.0
1392.2
2115.2
1039.5
2523.7
4170.6
938.1
963.3

5.2
5.7
3.1
6.3
3.4
3.2
3.3
4.8
6.8
5.7
6.3
6.8
4.1
6.0
5.9
4.8
6.4
6.6
6.3
6.1
6.7
4.2
3.5
6.9
6.4
5.8
2.9
5.1
4.3
4.1
4.1
6.6
5.4
3.9
2.2
4.2
6.2
4.6
6.5
5.4
2.9
1.6
3.7
5.8
6.0
6.0
5.1
5.6
5.8

2.2
2.0
2.0
1.6
2.2
2.2
2.3
2.4
1.0
1.9
1.6
0.9
2.1
1.6
1.5
2.0
1.3
1.1
1.8
1.5
1.4
2.1
2.4
0.4
1.3
2.3
2.2
2.1
2.3
2.4
2.2
0.9
2.1
2.4
1.6
2.3
1.6
2.8
1.2
2.2
2.0
1.6
2.4
1.9
2.0
1.8
1.8
2.0
2.2


maggot
magic
magnet
maiden
maintain
major
makeup
malice
mambo
mammal
mammoth
manage
mandate
mandrake
manger
mango
manner
manor
mansion
mantel
mantle
mantra
manure
many
maple
marble
margin
market
maroon
marquee
marquis
marriage
marrow
marry
martial
martyr
marvel
mascot
mason
massage
masseuse
massive
master
matrix
matron
matter
mattress
mature
matzo

1219.7
2035.0
1293.4
1661.5
2608.1
2347.9
1261.5
1705.5
1914.9
1419.4
1474.8
2253.7
1977.6
1990.8
2453.2
1112.7
2383.1
1447.4
1336.6
1881.5
1285.1
2413.0
1643.1
2025.4
1239.2
1270.8
1782.0
1324.2
1446.8
2183.2
1873.3
1532.3
1980.9
1945.8
2176.1
1619.5
2044.6
1883.2
2258.5
1427.9
1847.0
1435.0
1706.6
2079.5
1770.1
2363.6
1099.0
2172.9
1831.9

618.1
1897.5
732.5
1260.8
2086.2
2350.8
813.2
907.1
1166.0
862.7
1126.2
2032.0
1493.2
1730.0
2031.7
503.7
1984.2
886.3
643.9
2062.3
730.7
2276.8
1306.2
1510.5
1973.3
578.0
1086.6
910.2
807.8
1712.7
1160.7
1005.2
2057.5
1830.9
1922.9
1348.0
1939.3
4228.8
1494.5
792.5
924.2
770.4
1469.7
3022.9
819.9
2115.8
398.7
1629.9
2368.5

6.3
5.7
6.5
5.3
3.1
3.8
6.2
3.0
4.0
6.2
6.4
3.7
3.0
3.5
4.8
6.4
3.3
4.9
6.4
6.2
5.7
2.3
5.4
4.1
6.0
6.8
4.5
6.3
6.3
4.2
2.8
5.4
4.8
5.7
4.3
5.5
4.1
6.5
3.9
6.5
5.2
4.7
5.0
4.8
3.5
2.9
6.8
4.5
2.3

1.5
1.5
1.3
2.0
2.2
2.5
1.4
2.0
2.5
1.6
1.1
2.2
2.3
2.5
2.5
1.5
2.2
2.5
1.3
1.2
1.9
1.8
2.2
2.2
1.8
0.8
2.3
1.5
1.6
2.4
2.1
2.0
2.3
1.9
2.5
2.0
2.5
1.4
2.6
1.1
2.3
2.0
2.1
2.3
2.5
2.1
1.1
2.5
2.2


maxim
maybe
mayhem
mayor
meadow
meager
measure
medal
meddle
medic
medley
meeting
mega
melon
member
membrane
memo
menace
mental
mention
mentor
menu
meow
merchant
mercy
meringue
merit
merry
message
metal
meter
methane
method
metro
micro
middle
midget
midnight
mignon
mileage
mimic
mingle
mini
minion
minor
minstrel
minus
minute
mirage

2257.8
2182.3
2649.8
1237.7
1170.9
1857.2
1806.0
1174.6
2103.1
1473.8
2309.3
1842.7
1636.2
1239.2
1819.0
1855.0
1525.6
2266.6
3229.0
2486.2
1568.1
1023.7
1572.0
1239.1
1862.4
2001.3
2196.7
2341.6
2260.7
1325.8
1737.2
1968.1
1467.0
1724.7
1778.6
1898.8
1170.7
1632.2
2554.7
1686.1
2194.9
3165.2
1596.7
1915.0
2079.7
2359.5
1550.5
2193.2
1556.0

2267.9
2735.4
3614.2
537.5
620.0
1737.7
2053.1
418.8
1781.8
1005.4
2087.0
957.7
905.0
1174.6
1614.0
1140.8
705.4
2394.7
6104.3
4648.2
880.3
356.6
1180.3
623.9
2262.1
1322.2
2979.2
3707.6
1489.4
578.4
1681.6
1022.3
642.6
1170.0
1040.9
1321.3
347.7
1134.3
1884.7
2069.2
1969.9
8317.8
803.5
1638.1
1825.0
1849.3
669.3
1497.0
838.3

3.0
2.2
4.8
6.0
6.4
3.3
5.1
6.6
2.8
5.4
3.7
5.3
4.0
6.6
4.3
4.8
4.7
3.7
4.1
2.4
5.5
6.3
5.9
5.3
3.6
3.6
3.1
5.0
5.2
6.2
5.7
4.5
3.0
5.2
4.3
4.8
6.0
6.4
2.7
4.4
4.3
4.5
5.4
4.5
4.8
2.5
4.8
3.7
5.2

2.4
1.5
1.8
1.8
1.3
2.2
1.7
1.2
1.7
2.2
2.3
1.9
2.4
1.2
2.3
2.4
2.3
2.3
2.4
1.8
2.0
1.2
1.8
2.0
2.1
2.6
2.2
1.7
1.9
1.2
1.8
2.2
2.3
2.1
2.1
2.2
2.1
1.4
2.3
2.3
2.4
2.2
2.1
2.2
2.1
2.0
2.1
2.6
2.4


mirror
mischief
misfit
mishap
missile
mission
mistake
mister
mistress
mixture
mobile
model
modem
modest
module
mogul
moisture
molest
molten
moment
mommy
monarch
money
mongoose
mongrel
monkey
monsoon
monster
montage
moral
morale
morbid
morning
moron
morphine
morsel
mortal
mortar
mortgage
mosey
motel
mother
motif
motion
motive
motley
motor
motto
mountain

1142.2
2116.7
1782.9
1687.6
1658.4
1787.2
1786.7
1766.9
1669.1
2155.1
1861.6
1820.0
1649.8
2195.3
2328.0
1750.7
1385.8
2191.6
1907.1
2372.5
1283.3
1214.0
1110.6
1274.6
2110.0
1017.1
1810.4
1278.9
2985.7
2081.2
2649.3
2032.1
1617.5
1731.0
1604.1
1829.1
2657.8
2133.7
1992.9
1921.2
1288.3
1178.7
2359.1
1960.3
2297.3
2036.1
1324.6
1802.6
1016.6

517.8
1558.9
866.9
981.9
2015.7
1420.4
1522.5
974.2
1189.2
3327.3
1216.9
2119.0
836.3
2000.4
1845.0
874.9
508.4
1837.8
943.9
2014.9
875.8
507.9
531.9
480.0
1763.1
650.7
1598.6
1218.2
2530.1
1217.4
2642.3
1857.3
979.7
1533.4
806.7
1694.5
3926.2
1548.8
2038.7
1795.4
657.2
827.0
2451.9
1401.1
2405.1
1745.9
727.1
1289.8
378.8

6.8
4.2
4.5
2.8
6.0
4.6
4.3
5.0
5.7
5.0
4.9
5.4
5.0
4.0
2.6
3.5
5.4
4.9
4.6
2.3
6.4
5.5
6.7
4.8
3.6
6.8
5.9
6.8
2.9
3.0
3.1
3.5
6.0
5.0
5.6
4.9
4.4
4.4
4.7
3.0
6.4
6.8
2.4
4.3
3.1
2.6
6.4
3.1
6.9

0.7
2.4
1.9
2.0
1.7
2.3
2.5
2.2
1.8
2.0
2.3
2.0
2.2
2.2
1.8
2.3
1.9
2.2
2.4
1.7
1.4
2.1
0.7
2.6
2.3
0.7
1.9
1.0
2.0
2.1
2.2
2.3
2.0
2.2
1.9
2.4
2.4
2.4
2.3
1.9
1.2
0.7
1.9
2.1
2.2
2.1
1.6
2.3
0.6


moustache
movement
movie
mucus
muffin
mullet
mumble
mumbo
mummy
munchkin
mundane
mural
murder
murmur
muscle
music
musket
mustache
mustard
muster
mutant
mutton
muzzle
myself
mystic
naive
naked
nanny
napalm
napkin
narrow
nasal
nasty
nation
native
nature
naughty
nauseous
naval
navel
navy
necklace
nectar
needle
neglect
neighbor
neither
neon
nephew

1572.2
1964.3
1344.1
1308.2
1072.4
1159.9
1629.0
2900.3
1218.1
1990.3
2104.3
1643.1
1451.7
1938.6
1372.3
1351.5
1306.5
1221.5
1131.3
1663.4
1939.6
1358.4
1182.5
1714.6
2022.7
2377.4
1353.8
1417.2
2233.4
1269.4
1471.8
1442.4
1991.1
1506.6
1557.3
1458.5
2271.7
1867.8
1700.4
1590.6
1398.5
1349.3
1573.6
1940.5
1922.7
1252.6
2139.8
1740.6
1329.5

1899.7
1365.2
1005.0
610.5
450.8
592.1
1334.6
4213.5
488.2
1222.9
1422.3
1533.8
984.4
1663.3
947.3
970.0
737.0
1086.8
677.3
2008.6
1919.7
607.2
536.7
1031.5
1530.2
1797.4
741.1
884.8
2009.2
1015.7
737.2
856.5
2061.8
531.4
948.0
918.4
2423.9
2755.0
1406.0
946.3
644.5
1022.1
1003.5
3074.7
1570.4
830.7
2029.0
1407.1
897.3

6.7
4.8
6.8
5.5
6.1
6.5
4.6
2.7
6.3
5.8
2.4
5.5
5.9
3.7
6.8
6.4
5.8
6.5
6.3
3.1
5.3
3.6
6.3
5.7
4.4
3.3
6.8
6.1
4.0
6.8
5.2
5.8
4.4
5.7
5.5
6.2
5.0
4.4
6.0
6.0
6.3
6.4
5.5
6.5
4.1
6.1
2.4
5.9
6.3

1.2
2.2
0.6
2.0
1.8
1.3
2.2
2.3
1.4
1.9
1.9
2.2
2.0
2.2
1.1
1.3
2.0
1.4
1.8
2.3
1.9
2.4
1.4
2.1
2.2
2.3
1.0
1.5
2.5
0.4
2.1
2.0
2.3
1.6
1.9
1.2
1.9
2.4
2.0
2.0
1.3
1.6
2.0
1.3
2.2
1.9
1.9
1.7
1.4


nervous
network
neural
neuter
neutral
never
nexus
nibble
nickel
nightmare
nimble
ninja
nipple
nitrate
nitro
nitrous
noble
noggin
nomad
noodle
normal
nostril
nothing
notice
notion
novel
novice
nowhere
nugget
nuisance
number
nurture
nutmeg
nylon
nylons
obey
object
oblige
obscene
obscure
observe
obsess
obstruct
obtain
occult
occur
ocean
odor
offend

2253.7
1934.2
2135.7
2290.7
3361.4
1718.5
1925.8
1973.2
1069.8
1382.0
2203.5
1134.6
1339.7
2183.3
2255.3
2473.9
2526.2
1368.9
1389.4
1162.2
2553.1
1372.1
2277.0
1991.5
2417.5
1413.8
1894.0
3153.6
1708.5
2463.0
1305.0
2236.7
1506.5
1619.8
1248.1
1967.1
1627.0
1911.8
1857.4
1818.6
1996.1
2344.2
2284.2
1897.3
1580.8
1421.5
1240.5
1869.1
1958.3

1733.9
1563.2
1599.3
2265.7
7588.0
1260.3
1523.1
1955.4
469.6
654.6
1640.6
643.3
1069.2
2319.6
2622.9
3100.4
2090.7
569.7
505.0
578.3
1660.6
788.6
1742.2
1333.8
1775.4
838.8
1656.9
4636.3
1100.5
2197.9
690.2
1667.0
851.8
1794.2
659.1
2586.7
1008.9
2004.5
1136.4
1072.4
1457.5
2054.3
2307.9
1498.8
971.6
1986.5
920.0
1798.1
1358.1

4.4
4.5
3.2
4.8
3.2
2.2
2.9
5.1
6.7
5.8
3.6
6.7
6.4
4.0
3.0
3.8
4.3
5.9
4.9
6.5
2.5
6.6
2.8
3.1
3.1
5.9
3.8
2.8
6.3
3.4
5.5
4.8
5.7
5.9
6.1
3.1
4.9
2.4
3.9
3.1
4.0
3.5
3.9
3.7
2.6
2.0
6.8
5.2
3.3

2.1
2.1
2.2
1.6
2.3
1.6
2.4
2.2
0.8
1.9
2.2
0.8
1.4
2.4
2.3
2.4
2.1
1.9
2.2
1.5
1.6
0.9
2.3
1.9
2.1
1.5
2.5
2.1
1.1
2.2
2.2
2.2
1.9
1.6
2.0
2.2
2.3
1.9
2.2
2.2
2.3
2.5
2.2
2.1
2.5
1.6
0.6
2.0
2.0


offense
offer
office
ogre
ointment
okay
olive
omelet
omelette
omen
onion
only
onset
opal
open
oppose
optic
option
opus
oral
orbit
orchard
orchid
ordeal
order
organ
orgy
orphan
ostrich
other
outfit
outlet
outrage
oval
oven
over
oyster
ozone
package
packet
paddle
paddy
pagan
pageant
paisley
palace
palate
palette
palsy

1869.6
1928.6
1383.2
1818.0
1466.4
1760.1
1335.7
877.2
1234.4
1732.4
1210.8
1925.0
1806.2
1423.7
1639.1
2720.6
2090.2
2243.8
2022.3
1662.2
1813.7
1270.5
1300.9
2960.6
2580.5
1131.0
1787.5
1317.6
1280.0
2275.8
1465.1
1485.3
2190.6
1376.1
1152.4
2471.5
1632.3
1514.3
1376.4
1746.9
1120.9
2164.0
1982.0
1783.9
1743.2
1589.1
2604.3
2509.0
2294.7

1194.0
1821.3
858.2
1123.3
797.5
1362.5
913.7
2012.9
742.8
814.8
778.3
1320.1
1326.2
1217.0
1359.0
5122.0
2698.0
1849.7
1325.4
1083.8
1613.1
718.3
594.2
3307.5
3316.8
531.9
776.4
764.7
822.5
2197.9
947.5
737.4
2396.0
739.3
504.1
2937.1
1996.9
864.8
761.9
1002.7
437.6
1865.5
1417.2
1369.9
1024.0
2732.9
2169.4
1885.3
2078.7

4.2
3.4
6.2
6.1
5.7
2.9
6.7
6.6
6.4
4.0
6.5
2.3
2.6
4.8
5.4
3.3
4.5
3.2
2.9
5.4
5.8
6.6
6.3
3.1
3.6
5.9
5.9
5.9
6.4
2.2
5.8
6.0
4.1
5.5
6.9
3.4
6.7
5.7
6.3
5.1
6.7
3.3
4.1
5.8
4.9
6.5
4.3
3.9
2.8

2.2
2.2
1.1
1.5
2.0
2.2
1.1
1.2
1.2
2.3
1.5
1.7
1.9
2.7
2.1
2.2
2.2
2.1
2.3
2.3
1.8
1.2
1.5
1.8
2.1
1.7
1.7
1.8
1.6
2.0
1.6
1.9
2.2
1.9
0.6
2.1
1.2
2.0
1.1
2.3
1.1
2.4
2.3
1.9
2.4
1.3
2.4
2.4
2.0


paltry
pamper
pamphlet
panda
panel
panic
pansy
panther
pantry
paper
para
parade
parcel
parchment
pardon
parent
parish
parka
parlay
parlor
parlour
parole
parrot
parry
parsley
partake
partial
partner
partridge
party
passage
passion
passive
pasta
pastor
pastry
pasture
pasty
patent
patient
patrol
patron
patter
pattern
payment
peacock
peanut
peasant
pebble

1990.1
1912.5
1392.4
894.8
1590.1
1829.5
1630.2
1133.7
1596.3
1148.4
1929.6
1632.8
1401.7
1518.3
1951.4
1293.0
2468.9
1210.2
1977.2
1480.9
1821.2
2111.6
1213.8
2068.9
1351.2
2063.3
2108.9
1808.1
2131.8
1002.7
2104.2
2359.7
1945.5
1345.1
1135.5
1343.1
1397.7
2767.1
2304.0
1805.7
1387.2
2246.4
2129.9
1492.6
1833.2
1035.7
988.5
1924.8
1472.6

1365.7
1317.0
659.6
218.5
1083.5
1270.6
918.3
443.8
1232.9
627.9
1612.9
1752.5
386.9
1947.2
2363.6
549.6
2819.4
487.1
1473.3
850.4
1494.8
2104.2
721.4
3174.7
679.0
1826.4
2160.4
1685.3
2084.0
355.5
1715.9
2685.5
2197.8
1145.2
730.9
1078.1
596.0
3176.4
2397.5
1326.3
813.5
3076.2
1570.9
608.0
981.4
296.1
322.9
1494.5
1034.5

2.4
5.2
6.4
6.4
4.8
5.0
5.4
6.5
6.4
6.9
2.4
5.9
4.5
5.1
2.8
6.5
4.2
5.7
3.1
5.9
4.7
3.9
6.5
2.8
5.8
3.4
3.7
5.7
4.3
6.6
4.3
4.9
3.7
6.8
6.2
6.4
5.8
5.5
3.6
5.9
4.9
4.7
2.1
5.1
4.8
6.6
6.9
5.5
6.5

2.0
1.8
1.1
1.6
2.2
2.1
2.1
1.4
1.4
0.5
1.8
1.9
2.4
2.4
2.1
1.3
2.5
2.1
2.3
1.9
2.3
2.3
1.8
2.1
2.0
2.1
2.1
2.0
2.8
0.8
2.4
1.8
2.2
0.9
1.8
1.4
2.2
2.1
2.3
1.8
2.4
2.0
1.3
2.0
2.0
1.5
0.5
1.9
1.3


pecan
pedal
peddle
pellet
pelvis
penal
penance
penchant
pencil
pendant
penguin
pennant
pension
people
pepper
perceive
percent
perchance
perfect
perform
perfume
perhaps
peril
perish
permit
persist
person
persuade
perverse
pervert
pesky
pestle
petal
petite
petrol
petty
phantom
pheasant
phony
photon
physics
physique
picket
pickle
pickup
picnic
picture
pigeon
pigsty

1104.4
1335.6
1625.8
2038.6
1443.7
2091.2
2007.4
2386.8
1227.1
1661.1
1337.5
1939.7
1999.1
1284.7
1456.8
2118.2
1560.2
2189.6
2467.7
3447.2
1324.9
1726.3
1622.2
2014.6
1808.3
1959.0
1466.4
2469.3
2687.4
1493.6
1975.8
1898.7
1691.5
1745.2
2264.9
2165.7
1697.9
1307.4
2840.0
2441.9
1962.6
2000.8
1942.2
1005.9
1340.3
1213.9
1218.7
1621.7
2162.5

1633.6
764.4
1196.0
2270.7
1148.3
1839.7
1399.1
2727.0
594.1
1195.4
1334.5
1085.1
1266.3
598.5
1598.8
1884.8
829.9
1197.4
2094.0
7893.4
917.5
1154.2
809.4
1231.4
1444.8
1427.9
855.3
1942.2
2299.0
807.7
1776.3
1585.0
2148.1
1473.3
2130.4
1937.9
1395.4
553.0
3859.5
2170.2
2120.0
1453.3
1285.0
304.5
964.4
615.6
640.3
2163.6
1378.9

6.6
6.6
5.4
5.1
6.1
2.4
3.7
2.3
6.6
5.9
6.7
4.1
3.4
6.2
6.5
2.7
5.3
1.9
3.6
4.7
6.5
2.8
4.0
4.3
4.5
3.1
6.1
3.4
2.4
5.1
3.6
2.6
6.2
6.0
3.8
3.0
5.7
6.1
3.4
4.0
5.0
5.4
4.6
6.9
6.0
6.7
6.2
6.4
3.8

1.4
1.1
2.2
2.3
1.7
1.7
2.5
2.0
0.8
1.8
0.6
2.4
2.4
1.4
1.5
1.8
2.4
1.7
1.9
2.2
1.1
2.4
2.5
2.5
2.2
1.9
1.6
2.0
1.9
2.2
2.1
2.1
1.9
1.7
2.5
2.2
1.7
1.9
2.2
2.4
2.1
2.2
2.2
0.4
1.6
0.7
1.7
1.6
2.5


pilgrim
pillage
pillar
pillow
pilot
pimple
pinto
pious
pirate
pistol
piston
pity
pixie
pizza
pizzazz
placid
plaintiff
planet
plankton
plasma
plastic
plateau
platform
platoon
plaza
pleasant
pleasure
plenty
pliers
plumber
plunder
plural
pocket
poem
poet
pogo
poignant
poison
poker
polar
police
polish
polite
polka
pollen
polo
poncho
ponder
pony

1110.3
1824.8
1200.1
1125.6
1099.0
1053.0
2316.5
1662.9
1109.6
1063.3
1708.7
2332.9
1823.2
931.8
2170.5
2317.7
1468.6
1097.9
1495.7
1953.0
1381.3
1250.1
1266.3
1581.8
1568.2
3032.8
1953.2
1783.7
1306.6
1153.0
2368.9
1921.2
1510.5
1511.1
1469.0
1891.1
2599.2
1332.6
1082.8
2008.9
1058.6
2104.4
2272.4
1308.6
2050.3
1769.7
1286.5
2009.1
1052.1

488.6
1215.9
413.7
704.8
639.4
443.6
2642.6
1004.2
654.0
494.0
853.1
2519.2
3091.8
394.8
1373.1
1844.7
540.0
529.3
777.0
2815.6
857.6
424.9
562.9
893.4
1809.1
3573.9
1538.4
1098.7
420.5
444.8
2150.5
1579.2
1197.1
932.3
799.6
1425.2
2627.1
914.7
515.6
2614.6
631.1
1645.8
2335.6
670.4
2224.6
1105.2
796.0
1800.4
420.0

6.4
3.5
6.6
6.9
6.4
6.3
3.9
2.2
6.9
6.7
5.3
3.7
4.8
6.9
3.2
3.1
5.2
6.9
4.7
5.9
6.4
5.8
5.6
5.4
5.6
3.7
4.7
4.2
6.0
6.4
3.4
3.9
6.0
6.2
5.2
5.2
1.9
6.0
6.5
5.8
6.6
5.4
4.1
6.0
5.5
5.6
5.9
3.8
6.8

1.3
2.2
1.5
0.6
1.3
1.6
2.3
1.9
1.4
1.6
2.3
2.4
2.3
0.4
2.2
2.1
2.1
0.4
2.3
1.7
1.1
1.7
2.0
2.2
2.0
2.3
2.4
2.2
1.7
1.3
2.4
2.3
1.6
1.5
2.3
1.9
1.2
1.2
1.3
1.9
1.5
1.6
2.2
1.8
2.0
2.3
2.0
2.3
0.8


poodle
poppy
porridge
portal
portion
portrait
portray
posse
possess
possum
postal
poster
posture
potent
potion
potty
poultry
powder
power
practice
prairie
precinct
precious
precise
predict
preface
prefer
pregnant
prelude
premier
premise
prepare
presence
present
preserve
preserves
pressure
prestige
presto
presume
pretend
pretty
pretzel
prevail
prevent
prima
primal
primate
princess

1112.5
1673.5
1936.5
1863.7
1975.6
1590.2
2022.1
1775.0
2086.2
1383.4
2102.4
1394.7
1558.9
2208.8
1524.3
1522.6
1483.5
2311.8
2549.1
2039.6
1421.9
2646.9
2161.5
2033.1
2230.5
2032.0
1848.4
1483.7
2457.0
2627.4
2037.4
2234.5
2756.9
2174.7
1483.1
3388.2
2200.8
2135.9
2019.7
1925.6
1982.1
1624.8
1048.3
2255.7
1997.5
1748.5
2225.1
1677.3
1161.5

402.9
686.8
2345.8
1546.3
1545.1
1187.2
1373.5
974.4
1419.6
1203.5
1784.9
967.6
752.4
2070.7
851.2
806.8
895.1
6142.9
2591.6
1443.0
839.8
3133.1
1610.9
1747.0
1639.5
1842.9
1525.1
2459.4
2586.8
3532.2
1437.9
2809.6
3827.5
1686.2
1793.0
6863.2
1989.0
1855.1
1646.2
1774.2
1437.8
1193.7
521.3
2285.2
1478.1
1298.6
2333.5
1382.1
559.1

6.8
5.1
5.1
4.9
4.1
5.9
3.9
4.7
4.0
6.3
4.9
6.2
5.6
4.2
5.7
6.5
6.0
6.4
4.2
4.1
6.2
3.8
4.6
3.2
3.2
2.9
2.7
6.6
2.6
3.3
2.5
3.5
3.4
5.8
3.8
4.4
4.4
3.6
2.2
2.4
3.7
5.2
6.7
3.3
3.2
2.5
3.3
6.2
6.5

1.1
2.5
2.5
2.3
2.2
2.0
2.4
2.1
2.1
1.6
2.1
1.1
2.0
2.2
1.7
1.0
1.7
1.2
2.3
2.2
1.6
2.4
2.3
2.0
1.9
1.9
2.0
1.1
1.7
2.2
1.7
2.4
2.2
2.0
2.1
2.3
2.3
1.9
1.6
1.9
2.2
2.2
0.7
2.3
2.0
2.1
2.2
1.6
1.4


prior
prism
prison
pristine
private
privilege
privy
problem
proceed
process
proclaim
produce
product
profane
profile
profit
profound
program
progress
project
promise
promo
promote
pronounce
pronto
propane
proper
prospect
prosper
prostate
protect
protein
protest
proverb
provide
province
provoke
provost
prowess
proxy
prudent
psychic
psycho
public
publish
pudding
puddle
pudgy
pulpit

2320.9
1700.9
1081.3
1700.4
2570.6
1987.5
1600.2
2774.5
2041.9
3814.7
1572.5
2089.9
1975.5
2451.9
1995.9
1721.8
1852.9
1533.1
1955.6
3166.7
2301.6
2003.3
2231.2
1942.3
2216.1
1889.9
1792.4
2152.6
2709.9
2403.0
2067.5
1408.8
1754.6
1798.6
1966.6
1704.6
2194.4
2013.0
2191.1
1708.6
2160.5
1968.8
1483.5
1848.1
1975.5
1564.5
1348.8
1494.4
1935.5

2433.3
973.7
698.4
1149.8
2602.4
1957.1
1252.4
6607.3
2593.3
9652.2
956.1
1644.4
1659.0
2093.2
1384.2
1292.5
1293.7
1137.8
1352.2
5311.7
2310.7
1282.3
1981.1
1227.5
2029.8
1945.8
888.8
1313.0
3144.5
2114.3
1411.0
663.9
1094.9
1359.2
1434.4
1217.5
1767.0
2395.8
1633.5
1190.8
1795.4
1728.6
690.7
1212.7
1279.9
899.9
722.0
899.7
1558.3

2.6
5.8
6.8
2.9
3.8
3.5
1.8
4.1
3.2
3.2
4.0
5.1
4.8
3.7
4.9
4.6
2.4
4.1
3.0
4.4
3.2
3.6
3.8
3.1
2.7
6.0
4.0
2.7
3.6
5.6
4.2
5.3
5.4
3.8
3.4
3.6
3.4
1.6
2.4
2.7
2.4
5.5
5.8
5.2
4.6
6.4
6.0
5.0
4.3

1.8
1.7
1.1
2.3
2.4
2.1
1.3
2.3
2.4
2.1
2.3
2.1
2.1
2.2
2.2
2.4
1.6
2.4
2.2
2.3
2.2
2.1
2.0
2.1
2.0
1.5
2.4
1.9
2.0
1.7
2.2
2.1
1.9
2.5
2.2
2.6
2.1
1.3
1.7
2.3
2.0
1.9
1.5
2.4
2.1
1.0
1.6
2.2
2.7


pulsar
pumpkin
puncture
punish
puny
pupil
puppet
puppy
purchase
purple
purpose
pursue
pursuit
putrid
putty
puzzle
pygmy
pylon
python
quadrant
quantum
quarrel
quarry
quarter
quartet
queasy
query
question
quibble
quiet
quinine
quota
rabbi
rabbit
rabble
rabid
raccoon
racket
racy
radish
raffle
rainbow
raisin
rally
ramble
rampage
rampant
rampart
random

2148.6
1255.0
1478.6
2006.5
1970.2
1480.6
1470.9
1026.4
2078.0
1323.4
2253.1
2479.0
2454.0
1928.2
1434.4
1324.5
1753.6
1653.8
1659.4
1962.0
2078.2
1486.7
1434.5
1814.7
1784.2
1835.0
2111.6
1493.2
1810.9
2270.7
2232.1
1521.8
1263.5
1073.7
1918.5
1916.2
1048.1
1749.0
2013.6
1247.0
1795.4
1025.9
1259.3
1444.7
1947.9
2497.6
2033.8
2064.2
1749.6

2073.0
1503.0
697.5
2208.2
1144.4
1222.4
1595.1
550.4
1682.8
854.7
2245.5
2882.9
3532.8
1416.1
734.9
979.2
988.0
694.2
1407.4
1415.8
1570.4
747.6
633.2
2302.1
1943.9
1033.7
1555.9
1877.1
1196.8
1958.4
1968.4
2535.9
664.5
717.9
1393.7
1309.7
387.1
1765.5
1811.7
399.9
1220.3
524.5
839.7
663.5
1932.0
1858.4
1378.3
1587.6
932.2

2.0
6.9
5.5
4.6
3.6
6.1
6.8
6.5
5.1
6.8
2.9
4.4
4.3
3.0
5.6
6.6
3.6
3.1
6.3
4.6
2.1
4.7
4.3
6.5
4.6
4.4
2.8
4.6
2.7
4.1
1.9
3.8
6.4
6.8
2.9
3.9
6.7
6.0
3.3
5.8
4.9
6.8
6.2
5.0
3.5
4.7
3.1
2.3
3.7

1.6
0.4
2.3
2.3
2.4
1.8
0.7
1.5
2.0
0.7
1.8
1.8
2.2
2.2
2.0
1.4
2.6
2.5
1.4
2.1
1.7
2.2
2.5
1.1
2.6
2.2
2.2
2.3
1.8
2.3
1.7
2.7
1.5
1.8
1.9
2.4
0.6
1.9
2.1
2.1
1.9
0.5
2.0
2.1
2.3
2.2
2.1
1.7
2.3


ransom
rapid
rapids
rapport
rapture
rascal
ratchet
rather
ration
rattle
ravage
raven
ravine
razor
ready
really
reason
rebel
reboot
recall
recant
recap
receipt
receive
recent
recess
reckon
recluse
record
recourse
recruit
redeem
reduce
reefer
refer
reflect
reflex
refrain
refuge
refund
refuse
refute
regal
regard
regent
reggae
regime
region
regret

1733.3
1524.0
1601.9
2182.0
2058.2
1754.9
2090.8
1675.0
1988.8
1563.5
2162.0
1269.0
1427.3
1188.6
1886.1
2268.5
2068.0
1780.8
1911.4
1902.3
2202.4
1689.7
1379.9
2001.7
2046.0
1820.1
1955.0
2217.8
1974.0
3606.5
1614.3
2680.6
2192.5
2377.8
1842.7
3043.2
1457.4
2016.4
2896.6
1522.1
2017.2
2160.9
2052.9
2068.0
1897.5
1621.7
1853.1
1998.9
2458.9

1258.2
1048.8
1169.6
1742.6
1455.0
1930.2
2768.8
1079.4
2594.4
1225.2
1752.1
950.3
641.7
923.8
1165.3
2695.0
1718.6
1222.6
1125.0
1576.1
2786.0
965.6
838.0
1578.0
1314.6
1300.5
1780.4
1729.6
1691.9
6869.8
1231.6
3259.5
2199.0
2309.5
1132.8
6177.1
1551.8
1432.8
4585.3
871.6
2061.0
2357.3
1786.6
2200.5
1234.1
627.3
1083.4
1449.5
2713.2

4.8
5.0
6.2
2.1
3.7
5.1
5.3
2.3
3.7
6.1
3.5
6.8
5.2
6.4
3.2
2.5
2.7
4.8
4.7
3.3
3.1
2.9
6.7
3.5
2.9
5.5
2.3
3.2
5.9
2.3
4.4
3.4
3.6
4.3
2.3
4.2
4.9
3.3
4.8
4.5
2.8
2.0
3.7
2.8
2.3
4.9
3.7
4.9
3.4

2.2
2.3
1.8
1.6
2.5
2.2
2.4
1.8
2.1
1.7
2.2
0.6
2.1
1.3
2.4
2.0
1.8
2.3
1.7
2.2
2.1
1.9
1.4
2.1
2.1
2.2
1.8
2.3
2.0
1.9
2.4
2.2
2.0
2.6
1.5
1.9
2.3
2.2
2.0
2.4
2.1
1.1
2.3
2.0
2.0
2.1
2.3
2.0
2.2


rehab
rehearse
reindeer
reject
rejoice
relapse
relate
relay
release
relic
relief
relieve
relish
rely
remain
remark
remind
remiss
remote
remove
render
renounce
rental
repair
repeat
repel
repent
replace
reply
report
repose
reprieve
reptile
request
require
rescind
rescue
research
resent
reserve
resign
resin
resist
resolve
resort
resource
respect
respond
response

1557.5
1953.2
1305.0
1721.6
1747.4
1862.9
2423.2
2335.6
1950.7
1626.9
1836.7
2110.3
1540.9
1780.3
2030.1
1746.9
2513.2
2310.2
1604.4
1972.9
1813.9
2331.5
1584.3
2282.9
1796.8
1915.1
1906.0
1825.0
1882.9
2114.9
1850.4
2130.7
1402.4
2241.7
2547.5
1990.4
1905.9
1772.5
1887.0
2305.3
1893.3
2066.4
2320.8
2539.8
1846.6
2287.5
2344.7
1561.9
2108.1

1551.7
1635.4
685.5
1592.6
1258.5
1152.9
2436.6
4689.5
2033.0
990.3
1462.4
1598.9
729.2
1352.1
1986.3
1692.6
2510.7
2782.9
2294.2
1592.5
1225.2
1741.2
1081.3
1856.7
1470.6
1210.1
1302.4
1268.9
1574.9
1671.5
1165.3
2125.2
1004.0
2183.8
3225.4
1368.3
1059.5
1164.0
1545.8
1829.9
2271.6
1503.6
1447.2
2410.3
1428.4
1994.4
1548.4
1130.5
1925.9

5.7
4.1
6.3
3.9
4.7
3.6
2.7
4.6
3.9
3.9
3.5
3.7
4.2
2.3
2.8
3.1
2.9
2.1
6.0
4.0
2.2
3.2
5.3
4.9
3.1
4.4
3.7
3.2
3.0
4.6
2.2
2.0
6.3
2.9
2.5
1.9
5.2
3.8
2.6
3.2
3.4
2.9
4.2
3.0
6.1
3.6
3.8
3.4
3.4

1.9
2.2
1.6
2.3
2.3
2.2
1.9
2.3
2.3
2.4
2.2
2.1
2.4
1.9
2.1
2.1
1.9
1.5
2.0
2.1
1.8
2.2
2.0
1.9
2.1
2.3
2.5
2.0
2.0
2.3
1.7
1.6
1.5
1.8
1.9
1.4
2.2
2.3
2.1
2.5
2.2
2.5
2.1
2.1
1.8
2.0
2.2
2.2
2.2


restore
restrain
restraint
restrict
result
retail
retain
retire
retract
retreat
retrieve
return
reuben
reveal
revel
revenge
revere
reverse
revert
review
revise
revive
revoke
revolt
revue
reward
rhino
rhubarb
rhythm
ribbon
riddle
riffraff
rigor
ripple
rival
river
robin
robot
robust
rocket
rodent
romance
rookie
rooster
roster
rotate
rotten
roulette
routine

1890.5
2009.9
1990.8
2284.3
2914.3
1911.0
2241.9
1843.9
2249.1
2203.5
1733.2
2254.5
1341.7
2116.5
1780.1
2016.1
2676.0
1890.0
1699.4
2164.7
1832.1
2272.1
2029.6
1666.7
3057.7
1698.2
1168.4
1562.1
2185.0
1001.7
2091.6
2198.3
2305.7
1482.4
2200.4
1099.8
1188.5
1095.9
1803.0
1380.0
1098.5
1979.3
1667.4
1060.6
1750.5
1710.2
1395.4
1297.9
2758.8

1451.1
1452.4
1806.1
1868.9
5220.2
1658.6
1968.6
1938.2
2071.0
1580.6
933.1
2014.9
620.1
2317.7
1243.0
2004.9
2734.5
1510.3
848.7
2112.9
1224.5
2365.5
1486.8
872.0
2661.0
1149.1
511.3
899.4
1940.1
331.5
1319.3
1453.5
2598.6
797.4
2371.0
913.3
576.6
362.9
1327.2
1090.2
364.6
1981.2
1082.0
406.3
1046.7
1638.5
1065.2
403.8
2468.8

3.2
3.8
4.5
3.4
3.0
4.8
3.2
4.3
4.1
4.2
4.0
3.0
4.9
3.2
2.2
3.9
2.8
4.2
2.6
3.2
3.3
4.3
2.9
4.1
2.4
5.3
5.9
5.1
4.6
6.2
4.1
3.6
3.0
5.5
3.7
6.4
6.2
6.6
3.6
6.4
6.3
5.8
5.2
6.8
5.4
5.6
5.5
6.1
3.6

2.4
2.3
2.3
2.1
1.9
1.9
2.1
2.4
2.1
2.4
2.3
2.2
2.4
2.1
1.8
2.3
1.9
2.3
1.9
1.8
2.1
2.3
2.1
2.3
1.5
2.0
2.0
2.4
2.3
1.8
2.3
2.1
2.2
1.8
2.2
1.4
1.9
0.9
2.2
1.5
1.7
1.3
2.2
1.1
1.8
1.9
2.2
1.8
2.5


rowdy
royal
rubber
rubbish
rubble
ruby
ruckus
rudder
ruffle
rugby
rugged
ruin
rumba
rumble
rummage
rummy
rumor
rumour
rupture
rural
rustic
rustle
saber
sable
sacred
saddle
sadist
saffron
saga
salad
saline
salmon
salon
saloon
salsa
salute
salvage
sample
sanction
sanctum
sandwich
sapphire
sardine
satchel
satin
satire
saucer
sauna
sausage

1811.6
1174.4
1389.8
1562.3
1826.2
1307.8
1794.9
1744.4
1625.5
1279.2
1774.6
1520.6
2071.1
1941.4
1840.6
1969.3
1955.7
1933.5
2192.3
1436.5
2254.2
2207.6
1453.3
2136.8
2524.5
1163.3
2463.5
1753.4
1705.8
1183.8
2179.1
1410.9
1660.7
1243.2
1073.4
1316.7
2007.9
1832.3
2124.7
1888.3
960.8
1278.4
1158.8
1270.3
1480.3
2038.6
1726.6
1232.6
1026.3

1803.0
1591.7
815.8
586.6
2016.1
517.2
1002.8
1328.3
844.7
747.1
1129.7
799.5
1400.0
1758.8
2125.3
2454.6
1726.5
1490.3
3383.3
976.9
3124.7
1756.7
879.3
1295.0
2452.5
545.6
2490.5
846.5
1749.7
762.7
2567.4
1498.1
1476.4
800.0
473.3
600.8
1660.1
1082.8
1748.8
1546.0
285.7
839.0
482.6
399.9
1014.6
1728.2
1088.5
671.2
334.5

4.4
5.6
6.3
3.9
5.4
6.7
3.3
4.5
4.7
5.9
4.6
4.9
3.9
4.1
4.2
3.5
3.4
3.8
4.5
5.0
4.7
3.1
4.7
3.4
3.5
6.7
3.2
4.0
3.5
6.8
4.3
6.6
6.2
6.4
6.6
5.8
3.8
4.0
2.1
2.4
6.8
6.1
6.1
6.2
6.0
3.0
5.4
6.1
6.8

2.2
2.2
1.5
2.3
2.1
1.1
2.4
2.7
2.5
1.6
2.3
2.3
2.4
2.4
2.3
2.6
2.3
2.4
2.3
2.4
2.0
2.1
2.5
2.6
2.2
0.7
2.3
2.5
2.4
0.7
2.4
0.9
1.6
1.3
1.2
1.8
2.2
2.2
1.8
2.2
0.8
1.8
1.7
1.3
1.9
1.9
1.9
1.8
0.8


savage
savior
savor
savvy
saying
scalpel
scandal
scatter
scenic
scepter
scholar
schooner
science
scissors
scoundrel
scrawny
scribble
scrimmage
scrotum
scruffy
scrumptious
scruples
scuba
sculpture
scurry
scurvy
scuttle
season
second
secret
section
sector
secure
sedan
sedate
segment
seismic
seizure
seldom
select
selfish
seltzer
senate
senile
sensor
sentence
sentry
septic
sequel

2157.6
1532.6
1802.8
1845.1
2173.9
1854.6
1509.5
2110.7
1982.2
1808.0
1467.0
1575.7
2817.8
1151.6
2233.8
1590.2
1375.2
2730.5
1644.1
1513.1
2060.1
2618.5
1402.9
1361.2
1773.0
1879.9
2253.6
1800.7
2226.7
1900.8
2949.3
1850.0
2676.8
1508.8
1734.9
1845.2
1959.7
1738.6
2872.8
2408.6
2471.5
1776.3
1380.1
2353.0
2382.6
1879.7
1721.6
1854.4
1838.2

2014.2
884.2
1049.7
1158.4
2354.2
1182.0
783.0
1808.8
1359.9
1539.3
1009.4
772.0
6763.2
588.7
2205.1
699.0
581.8
5951.6
1036.7
695.0
1033.4
2709.8
1050.0
835.2
1306.5
1055.4
2498.0
1764.6
1767.9
1413.3
4483.0
1083.1
4479.2
862.6
1237.9
1126.2
1273.4
1351.5
4461.1
2624.0
2756.2
1216.8
704.3
1813.4
2855.9
1111.5
1532.2
2408.5
1224.1

5.0
5.3
3.7
2.9
2.9
6.0
4.1
5.0
4.7
3.7
5.4
2.8
5.2
6.6
4.7
5.5
6.0
5.7
6.3
5.5
3.4
2.6
6.8
5.9
4.6
4.4
3.7
5.9
4.2
3.7
3.7
3.7
3.8
5.9
4.2
4.2
3.2
6.0
2.4
3.4
3.3
3.5
5.0
3.1
4.1
4.8
3.7
4.2
3.4

2.1
2.2
2.1
1.7
2.1
1.8
2.4
2.1
2.3
2.6
2.0
2.5
1.9
1.2
2.2
1.6
1.6
2.0
1.5
1.6
2.3
2.0
0.6
2.1
2.0
2.0
2.3
1.8
2.3
2.2
2.5
2.2
2.1
1.8
2.3
2.1
2.1
1.8
2.1
2.3
2.2
2.6
2.2
2.0
2.3
2.3
2.7
2.3
2.4


sequence
serene
sergeant
series
sermon
serpent
servant
service
session
settle
seven
severe
sewage
sewer
shabby
shadow
shallow
shaman
shampoo
shatter
shelter
sherbet
sheriff
shilling
shimmer
shiner
shingle
shipment
shiver
shoddy
shogun
shortage
shoulder
shovel
shower
shrapnel
shudder
shutter
shuttle
sibling
sickle
siding
signal
silent
silly
silo
silver
simmer
simple

1555.7
1890.9
1941.6
2035.3
1439.4
1498.9
1366.1
2101.4
1911.1
3014.3
1164.5
2210.0
1450.7
1304.9
1932.8
927.0
2000.1
1355.5
1120.5
1520.9
1584.5
1610.5
1491.3
2155.8
1604.3
2672.9
1387.1
1535.1
1413.0
1810.7
2008.0
1938.9
1269.2
1017.2
1488.5
1544.7
2028.9
1822.0
1496.1
1652.2
2143.7
2294.6
2284.4
3211.6
1694.9
1541.5
1706.0
3548.5
2083.1

915.0
1767.0
1304.8
2236.6
687.8
1432.0
792.2
1985.4
1538.9
6046.4
421.1
2513.2
961.4
681.7
1070.2
1488.0
2227.8
551.9
705.3
792.8
1319.8
1637.7
1029.4
1469.9
877.5
1997.2
2345.5
1072.6
1097.2
1621.5
1117.5
1208.7
843.2
371.9
1764.0
662.5
1574.8
1795.1
885.0
1524.5
1179.4
2272.7
2329.1
3140.9
1620.5
1158.5
1520.3
5714.7
1974.7

3.2
3.5
5.3
4.0
5.3
5.9
6.1
3.7
3.5
3.5
6.4
3.7
6.3
6.2
4.2
6.5
5.2
3.7
6.7
5.4
5.9
5.7
6.6
3.6
5.7
4.4
6.0
5.5
5.8
3.0
4.1
3.4
6.6
6.9
6.5
4.8
4.6
5.6
6.4
6.1
4.0
5.1
5.6
4.2
4.5
5.4
6.6
4.8
3.0

2.3
2.1
2.1
2.2
1.9
2.1
1.2
2.5
2.1
2.1
2.0
2.2
1.5
1.8
2.1
1.0
2.0
2.6
0.8
2.0
1.4
1.8
1.2
2.5
2.1
2.4
1.9
1.7
1.8
2.0
2.5
2.4
0.7
0.2
1.3
2.4
2.3
2.1
1.4
1.6
2.5
2.5
1.5
2.3
2.3
2.2
1.2
1.9
2.0


simply
sincere
single
sinus
siren
sirloin
sister
sizzle
skillet
skinny
skirmish
skittish
slander
slaughter
slogan
slumber
smitten
smother
smuggle
snafu
snooty
snorkel
snuggle
sober
soccer
social
socket
soda
sofa
soiree
solace
solar
soldier
solemn
solid
solo
solvent
someone
something
somewhere
sonar
sonic
sonnet
sordid
sorrow
sorry
sovereign
spandex
spaniel

2364.2
1939.5
1515.6
1668.2
1444.9
1224.8
1461.5
1654.2
1265.4
1178.6
2071.3
2182.2
2208.4
1527.5
2307.2
1511.6
2038.5
1833.0
1756.6
1737.8
1625.0
1404.1
1597.8
2275.4
1022.1
1943.2
1317.6
922.6
1074.3
1677.5
2868.1
2187.1
1163.5
2121.3
1675.9
1270.7
2334.0
1994.3
2085.9
1800.2
2130.4
1993.0
1564.8
1973.6
1634.4
1816.4
2059.7
1187.0
2371.8

3953.2
1694.5
875.4
1148.2
840.6
398.1
1402.9
1300.7
544.0
556.7
1591.3
1923.0
1817.1
781.6
3166.6
720.5
1123.0
1119.0
1264.0
1129.0
717.7
903.8
1083.1
1994.9
433.3
1631.4
755.8
287.6
395.8
978.2
3530.1
2713.0
678.6
2135.6
1091.1
555.1
2732.1
2221.9
1915.2
1102.7
1752.2
1313.4
660.5
1479.9
1606.9
2733.2
1672.9
349.9
1734.2

3.1
2.8
5.0
5.8
5.4
6.4
6.3
5.8
6.7
6.3
4.5
3.7
2.6
6.0
4.6
4.6
3.6
4.6
4.4
1.5
3.8
6.6
6.0
4.9
6.9
3.7
5.8
6.6
6.9
2.5
2.4
5.2
6.7
3.2
5.3
4.8
4.3
4.5
2.3
3.0
4.8
4.7
4.6
1.9
4.4
3.8
2.8
6.4
4.7

2.0
2.0
2.4
1.6
2.2
1.3
1.6
1.3
0.8
1.3
2.2
2.0
2.1
1.6
2.1
2.2
2.2
2.2
1.9
1.4
2.1
1.1
1.6
2.0
0.6
2.3
1.8
1.5
0.3
1.9
2.1
2.2
0.8
2.0
2.0
2.5
2.2
2.4
1.8
2.2
2.4
2.5
2.4
1.6
2.3
2.3
2.1
1.0
2.6


sparkle
sparrow
spasm
spastic
spatter
special
species
spectral
spectrum
spider
spiffy
spinach
spinster
spiral
spirit
splatter
splendid
splendor
sprinkle
squadron
squander
squeamish
squirrel
stable
stagger
stampede
standard
staple
stapler
stardom
stardust
starlet
startle
statement
static
station
statue
stature
status
statute
steady
stellar
sterile
sterling
sternum
steward
stickler
stigma
stingy

1827.4
1265.8
1634.6
1977.6
2698.1
2399.9
2315.6
2027.1
1867.9
913.9
1849.8
1434.3
1718.2
1403.0
2515.1
1453.1
2638.7
2466.8
1691.7
1415.4
1980.5
1825.3
984.7
1474.1
2029.3
1525.1
2086.7
1238.8
1061.5
2139.4
1979.1
1982.6
2234.8
1898.0
1975.8
1701.4
2110.0
3956.9
1897.1
2500.5
2388.0
2140.8
2413.6
1619.3
1462.7
1699.8
2052.6
2983.9
2294.8

1827.8
1025.0
782.3
1650.1
3137.5
1839.4
2298.9
1874.0
2394.4
216.2
1137.1
1137.7
833.9
554.9
3007.1
1880.4
3268.0
1846.8
1330.1
470.6
1187.2
1694.9
340.4
807.5
1578.6
1354.2
1632.2
806.1
382.3
1788.7
1511.3
1402.9
1864.3
1175.2
1413.2
1685.4
2905.4
5022.4
1104.8
2231.6
2014.9
1620.3
4228.7
876.7
639.8
1304.5
1259.5
3894.1
1952.3

6.4
6.4
5.2
3.9
4.6
2.9
4.8
2.6
4.8
6.8
4.2
6.5
3.8
6.0
4.4
5.8
3.1
2.7
6.2
4.3
2.7
4.1
6.7
5.4
4.0
5.9
3.2
6.5
6.5
4.1
4.8
3.7
3.9
3.7
4.2
6.1
6.5
3.3
3.7
3.5
3.8
3.1
4.8
4.8
6.0
4.7
3.1
3.3
4.3

1.1
1.6
2.0
2.2
2.4
2.2
2.2
1.9
2.3
1.1
2.4
1.3
2.5
1.8
2.2
1.5
2.0
2.0
1.5
2.5
1.9
2.1
0.9
2.3
2.2
1.9
2.2
1.3
1.5
2.3
2.1
2.5
2.2
2.0
2.4
1.3
1.6
2.3
2.2
2.5
2.2
2.4
2.1
2.4
1.9
2.6
2.1
2.0
2.2


stockade
stomach
storage
story
straddle
stranger
strangle
stretcher
stricken
stroller
strudel
struggle
stubborn
student
study
stumble
stupid
sturdy
subdue
subject
sublet
sublime
submit
subscribe
substance
subtle
subtract
suburb
subway
succeed
success
suction
sudden
suffer
suffice
sugar
suggest
suitor
sulfur
sully
sulphur
sultan
summer
summit
summon
summons
sundae
sunny
super

2014.3
1091.1
1777.2
2417.8
2038.8
1916.5
1831.5
1781.6
1708.4
1174.5
1707.0
2229.4
2534.2
1124.5
1463.6
1735.1
1718.9
1851.4
2265.3
1813.0
1815.0
2058.4
2954.2
1874.5
1621.8
2005.8
1899.4
1052.8
1178.2
2275.7
2715.0
2309.6
2136.4
2087.2
2094.2
987.5
2022.1
1706.1
1916.3
2013.9
2324.1
1392.2
1322.0
1642.0
2088.5
2336.6
1209.3
1372.0
2256.5

1284.9
474.5
1859.7
2796.8
1564.1
1769.3
1110.5
1186.4
862.1
604.6
928.0
1780.4
3085.4
517.1
604.9
1548.5
1386.7
1899.3
2445.1
1480.9
1274.3
1521.3
3401.1
1739.3
1357.2
1401.3
1107.4
1599.3
676.5
2076.7
2010.1
3029.0
1691.8
1140.3
1528.7
325.4
1321.1
1128.1
1177.3
1616.3
1831.2
592.9
810.5
1130.0
2421.6
2023.4
545.7
792.5
1694.9

3.6
6.6
5.7
5.3
5.6
5.6
5.8
5.4
4.4
6.3
5.3
4.2
4.2
6.4
5.3
5.1
3.7
4.6
3.4
4.1
2.2
3.2
4.2
3.9
4.2
3.2
4.6
5.3
6.7
2.8
4.0
4.5
2.9
4.4
3.1
6.7
2.9
5.5
5.2
2.1
4.0
5.0
6.8
5.3
3.7
3.0
6.1
6.7
3.3

2.5
0.9
1.8
2.2
1.8
1.9
1.9
1.9
2.3
1.6
1.9
2.0
2.3
1.3
2.0
1.9
2.5
2.4
2.3
2.2
1.9
2.0
1.9
2.3
2.6
2.2
2.3
2.4
0.9
2.1
1.8
2.2
1.7
2.3
2.0
1.1
1.8
2.0
2.1
1.8
2.5
2.5
0.7
1.9
2.3
1.9
1.8
1.3
2.2


superb
supper
supple
supply
support
suppose
suppress
supreme
surface
surgeon
surly
surplus
surprise
surreal
surround
survey
survive
sushi
suspect
suspend
suspense
sustain
suture
swallow
sweater
swindle
symbol
symptom
syndrome
syringe
syrup
system
table
tablet
tabloid
taboo
tackle
taco
tactic
taffy
tailor
talcum
talent
talon
tampon
tangle
tango
tantrum
tardy

2311.2
2678.8
2359.7
2231.4
2096.9
2064.0
1962.6
1925.1
1941.5
1056.9
1637.9
1701.4
1849.3
2313.7
3091.3
1739.9
3770.8
1059.9
2311.4
2104.0
2400.5
1931.8
1589.6
1702.9
1107.2
1752.1
2020.2
1889.6
1932.7
1378.6
1051.1
1990.3
1354.6
1869.1
1760.0
1727.8
1808.4
1236.2
2301.9
1114.4
1259.3
1618.1
1831.6
1400.3
1382.8
1690.9
1345.2
1774.1
3372.8

2008.2
4627.4
1960.0
1836.9
1494.9
2099.1
1372.3
2285.5
1408.9
371.7
1146.8
1335.1
1748.9
2230.9
4027.4
1210.9
5595.6
453.0
2618.4
2485.1
1838.3
1209.4
651.0
932.5
489.7
1175.9
2038.8
1607.9
1462.3
476.4
383.8
1639.0
924.6
1386.5
916.7
2131.8
1839.5
595.1
2067.0
326.0
648.0
1131.9
1017.1
689.5
1040.5
1426.7
698.0
1995.2
8296.7

2.9
6.2
3.1
3.6
4.6
2.0
3.2
4.1
5.5
6.9
2.4
3.3
4.7
2.9
4.4
5.4
4.5
6.6
4.5
4.3
3.9
2.7
4.5
6.2
6.6
3.3
5.2
4.0
3.9
6.1
6.4
4.2
6.8
5.5
6.0
4.2
5.9
6.9
2.7
5.9
6.0
3.3
3.6
5.0
6.4
5.2
6.3
5.1
5.0

2.0
1.5
2.1
2.2
2.0
1.8
2.2
2.2
2.1
0.8
1.8
2.2
2.1
1.9
1.8
1.9
2.2
1.3
2.1
2.1
2.3
1.8
2.7
1.3
1.4
2.2
2.0
2.5
2.3
1.8
1.6
2.4
1.3
1.8
1.5
2.2
1.6
0.4
2.3
1.9
1.7
2.3
2.2
2.5
1.6
2.2
1.3
2.2
2.3


target
tartar
tassel
tattoo
tavern
tawdry
taxi
teacher
technique
teeming
temper
tempest
temple
tempo
tenant
tender
tendon
tennis
tenor
tension
tenure
tepee
termite
terrace
terrain
terror
texture
theory
therefore
thermal
thesis
thorough
thousand
threshold
throttle
thunder
thyroid
ticket
tickle
tidy
tiger
timber
timid
tingle
tinker
tinkle
tiny
tipsy
tissue

1135.7
1600.7
1435.5
963.8
1172.9
1798.6
907.8
923.0
2479.2
1956.1
2067.6
1670.1
1483.3
2209.4
1852.4
1558.5
1414.8
1525.9
1637.0
1675.2
1947.0
1771.3
1435.5
1551.1
1911.9
1714.5
1668.1
1702.1
1593.1
2171.7
1802.0
2000.7
1948.9
2066.5
2372.9
1701.5
1826.5
1073.6
1546.2
1589.6
1078.9
1387.5
1804.2
1893.1
2708.7
1982.4
1484.2
1508.6
1246.6

455.0
830.3
990.2
282.2
452.3
1165.5
308.8
273.5
2567.9
1384.0
1770.4
659.8
1496.4
2395.6
1310.8
921.1
754.5
1979.3
1115.6
1581.5
2007.9
1359.7
2387.7
1039.4
1792.1
1526.0
1399.7
1255.9
819.6
2775.7
931.0
1580.5
1902.2
2063.9
3624.1
1955.0
1596.7
472.3
1071.6
871.7
406.1
825.2
1657.0
1804.9
3574.5
2039.7
1325.7
799.3
697.8

6.1
4.9
5.9
6.6
5.7
1.3
6.9
6.8
3.9
2.6
4.2
3.8
6.1
3.8
4.6
4.8
5.5
6.5
3.1
4.1
2.4
5.5
5.9
5.2
5.9
4.8
4.5
3.4
1.6
5.0
4.3
2.1
5.6
3.7
5.2
5.9
5.5
6.3
5.8
4.8
6.6
6.3
4.5
4.6
3.7
4.9
5.9
5.3
6.4

1.7
2.3
1.8
1.4
1.9
0.9
0.6
0.5
2.2
2.0
2.3
2.2
2.0
2.0
2.3
2.3
2.3
1.2
2.4
2.6
1.8
2.3
2.1
2.3
1.4
2.2
2.4
2.3
1.2
2.2
2.4
1.7
1.9
2.4
2.1
2.0
2.0
1.3
1.4
1.9
1.5
1.9
2.3
2.3
2.4
2.3
1.3
2.0
1.0


titan
title
today
toddler
tofu
toga
toilet
token
toner
tonic
tonight
tonsils
topaz
topic
topple
torment
torrid
torso
tortoise
torture
total
totem
toupee
towel
tower
toxic
toxin
traction
tractor
traffic
tragic
trailer
traitor
trample
tranquil
transfer
transit
translate
transmit
transplant
transport
trapeze
trauma
travel
traverse
treason
treasure
treatment
treaty

1674.8
1897.4
2161.1
1291.9
1281.2
1439.2
985.4
1434.3
2005.8
1917.1
1884.1
1593.6
1721.8
2118.9
1613.3
2485.6
1837.9
1486.1
1241.2
1929.9
1999.9
1376.0
1674.8
708.7
1079.6
1785.2
1576.5
1917.5
1095.2
1141.7
2048.2
1396.3
1554.1
1920.7
1447.8
2346.1
2126.0
1895.7
2169.1
1835.0
1775.5
1663.9
1456.5
1557.7
1909.7
2301.0
1418.0
2179.6
2075.8

1282.8
1523.9
2492.3
731.8
916.3
670.7
319.8
782.7
1633.2
1968.8
1129.5
1649.9
1443.9
2293.3
884.1
3105.3
1205.9
1354.1
695.8
1338.1
1832.5
676.8
1045.3
1433.8
337.8
1178.1
1267.8
1926.9
568.1
545.4
2148.7
644.2
846.9
817.8
1846.4
2397.1
1432.7
1222.4
1427.0
1447.4
1384.2
1363.2
597.6
819.1
1399.0
3873.0
1135.2
2171.8
1758.8

5.2
5.0
4.2
6.5
6.2
6.0
6.9
5.8
4.1
4.6
4.3
6.1
5.3
3.1
4.5
4.2
2.5
6.0
6.4
5.5
3.9
4.5
5.6
6.8
6.5
5.5
5.3
4.7
6.8
6.6
3.7
6.4
5.0
5.0
4.9
4.0
3.9
3.7
3.6
5.1
5.2
5.8
4.9
5.5
3.4
3.5
6.7
3.9
4.6

2.1
2.3
2.6
1.3
1.7
2.1
0.5
1.9
2.4
2.2
2.2
1.9
2.4
2.3
2.3
2.1
1.9
1.6
1.5
2.0
2.3
2.6
2.2
1.1
1.2
1.8
2.0
2.1
0.6
1.0
2.0
1.7
2.1
2.0
2.5
2.4
2.2
2.5
2.3
2.1
2.4
1.9
2.0
1.8
2.1
2.5
1.1
2.0
2.1


tremble
tremor
trespass
triad
trial
tribal
tribute
trifle
trigger
trinket
trio
triple
tripod
triumph
trolley
trombone
trooper
trophy
tropic
trouble
trouper
trousers
trumpet
tuba
tulip
tumble
tummy
tumor
tuna
tunic
tunnel
turban
turbine
turkey
turmoil
turnip
turtle
tutor
tutu
twinkle
twister
tycoon
typhoon
typo
tyrant
ugly
ulcer
ultra
uncle

1330.1
1737.3
1877.9
2052.7
1493.8
1198.2
1854.3
2036.6
1474.4
1714.1
1825.5
1971.1
1482.8
2100.8
1461.6
1162.6
1328.9
1299.3
1849.1
1976.6
2938.6
1315.1
1161.0
1270.1
934.4
1699.1
1276.6
1654.2
1080.3
1357.5
1474.6
1238.7
2125.8
1315.7
1948.5
1397.7
1113.5
1478.3
1320.0
1457.5
1434.8
1928.2
2342.2
2061.9
1405.6
1402.5
1573.6
2055.6
1080.5

542.8
1365.0
1062.7
1680.7
824.4
1629.1
992.3
1574.7
721.2
777.0
1254.8
1391.4
768.7
1943.6
785.7
405.0
875.5
944.9
1630.9
1876.3
3017.3
898.7
470.8
550.4
334.8
1303.5
677.9
1303.4
400.1
685.4
1159.8
530.3
2650.0
1121.6
2516.4
920.6
525.2
799.9
549.1
1115.0
1119.9
1439.4
4675.7
1953.9
630.0
1847.8
782.5
1568.3
371.0

5.3
3.7
4.2
4.0
5.5
5.0
4.0
3.0
6.0
5.1
4.8
5.0
6.1
4.3
5.6
6.5
6.4
6.9
5.9
3.8
3.7
6.2
6.4
6.1
6.7
4.9
6.4
5.7
6.7
5.6
6.4
6.1
4.8
6.5
4.0
6.2
6.9
5.7
6.2
5.5
6.6
4.5
6.1
5.1
4.3
5.4
5.3
2.9
6.4

1.9
2.4
2.2
2.4
1.7
2.3
2.2
2.0
1.6
2.1
2.4
2.2
1.6
2.2
1.9
1.6
1.5
0.4
2.1
2.1
2.3
1.5
1.7
1.7
1.2
2.1
1.2
2.0
1.1
2.3
1.3
2.0
2.5
1.5
2.3
1.8
0.4
1.7
1.9
2.3
1.3
2.3
1.6
1.9
2.4
2.0
2.0
2.3
1.4


uncouth
union
unique
unite
unless
until
upon
upset
urban
urgent
usher
utmost
utter
vacant
vacate
vaccine
vagrant
valet
valid
valley
valor
vamoose
vampire
vanish
vanquish
vantage
vapor
varmint
vary
vassal
vector
vegan
velcro
velvet
vendor
veneer
venom
venture
venue
venus
verbal
verdict
vermin
vermouth
version
versus
very
vessel
veto

1649.2
2286.9
2129.1
3045.7
1574.4
1684.5
1591.4
2132.2
2029.1
2264.4
1562.7
1878.5
1739.2
2323.4
2257.5
1700.1
1863.8
2093.0
1764.3
1208.0
1467.8
2079.2
1117.3
2094.6
3858.9
2030.3
2363.4
1820.3
1846.9
2563.3
1916.8
1741.6
1477.2
3443.0
1587.0
2148.2
1328.4
2401.6
1846.0
1760.0
1928.8
2377.7
1978.1
2246.2
1853.5
2583.0
1636.3
1451.5
1554.4

1043.6
2230.2
1247.4
4205.7
890.5
2424.5
827.4
1773.6
1541.9
1808.3
1172.1
1630.7
2129.3
4261.5
2398.2
1161.1
2152.8
3404.7
1227.7
623.0
700.2
1664.1
569.1
2244.4
10828.0
1541.2
2773.6
1076.8
2724.2
3149.3
1254.6
1252.4
547.9
11846.9
1039.6
1599.2
480.3
3329.2
1952.1
1432.5
1435.1
2134.2
1956.5
1940.5
1044.5
3746.3
1377.6
2675.5
1248.8

1.8
4.5
3.6
4.2
2.4
2.0
2.0
4.3
5.0
3.6
6.2
2.0
4.3
4.5
4.2
6.1
2.6
5.1
2.6
6.2
3.0
2.4
6.8
4.5
3.3
3.2
5.3
4.7
2.9
2.8
3.3
5.2
6.2
6.2
5.8
3.9
5.5
3.1
3.7
5.7
4.1
4.2
4.9
2.4
3.2
3.7
1.9
5.9
3.6

1.4
2.2
2.0
2.1
2.0
1.7
1.5
2.1
2.4
2.0
1.7
1.4
2.3
2.4
2.4
1.6
2.1
2.2
2.0
1.5
2.2
1.9
0.5
2.2
2.3
1.9
1.9
2.3
1.9
2.2
2.3
2.1
1.3
1.7
1.5
2.5
2.0
2.1
2.1
1.8
2.5
2.1
2.4
2.1
2.2
2.5
1.7
1.9
2.5


vibrant
vibrate
vicar
vicious
victim
vigil
villa
village
villain
vintage
vinyl
viper
virgin
virile
virtue
virus
visa
vision
visor
vital
vitro
vivid
vixen
vodka
voltage
volume
vomit
voodoo
vortex
voucher
vowel
voyage
vulgar
vulture
wacky
waffle
wager
wagon
waiter
waitress
waiver
wallet
wallop
wallow
walnut
walrus
wander
wanted
wanton

2164.1
1817.4
1751.3
2213.7
1492.9
1898.6
1211.1
1838.5
1925.1
1804.3
1577.7
1173.4
1537.4
1851.6
1653.4
2118.0
1555.9
2045.2
1599.5
2045.7
1837.6
2089.1
1306.3
1263.3
1789.2
1925.0
1182.7
1488.3
2413.4
1740.4
1668.6
1490.5
1797.1
1378.9
2487.9
1375.1
2075.9
1243.5
1020.1
1262.9
1752.1
1134.2
1879.9
2058.2
1166.5
1207.1
1772.4
2352.1
2075.1

1848.4
1263.4
1567.1
2784.9
834.4
1335.0
410.4
1912.4
1823.8
1289.4
1339.2
427.3
1151.5
1436.7
1043.9
2336.1
1230.2
1646.6
909.0
1512.2
1560.4
2733.1
640.8
937.0
1372.9
1532.4
532.7
857.5
3516.2
967.1
637.9
565.7
1527.0
575.7
1994.2
903.1
1849.3
778.2
447.0
728.2
1024.7
964.7
1776.1
1677.1
1000.0
625.2
1348.4
1487.2
1727.3

5.0
5.6
2.3
4.5
5.6
3.8
5.1
6.2
5.7
4.5
5.5
5.3
5.4
2.1
2.7
5.4
5.9
5.2
5.6
3.9
2.4
4.5
4.4
6.7
5.3
4.8
6.2
5.3
4.5
4.8
5.5
5.3
3.9
6.3
4.5
6.7
3.6
6.3
6.8
6.7
3.7
6.5
3.0
3.2
6.7
6.6
4.0
4.0
3.9

2.1
1.7
2.0
2.2
1.7
2.4
2.5
1.4
1.9
2.4
2.0
2.3
2.1
1.5
1.8
2.1
1.9
2.2
2.1
2.4
2.1
2.1
2.6
1.1
2.0
2.3
1.8
2.1
2.4
2.1
2.1
2.0
2.4
1.7
2.0
1.2
2.2
1.6
0.7
1.1
2.2
1.5
2.3
2.0
0.8
1.6
2.2
2.4
2.5


warden
warlock
warrant
wary
water
weapon
weary
weasel
weather
wedding
wedgie
wedlock
weekend
weirdo
welcome
welfare
whammy
whereas
whether
whimper
whiskey
whisky
whisper
whistle
whoopee
whopper
wicked
widow
wiggle
wily
window
winter
wisdom
withdraw
wither
without
witness
wizard
wobble
woman
wonder
wondrous
woozy
worry
worship
wrestle
wrinkle
yahoo
yellow

1273.1
1766.9
1884.2
1850.3
1214.2
1030.5
1897.3
1115.8
1623.9
1237.8
3117.4
1783.2
1604.3
1445.2
2208.0
1966.8
2260.0
1453.1
1676.0
1653.7
1029.5
1236.3
2064.9
1092.0
2176.8
1211.5
1806.1
1508.0
1744.5
2466.9
1128.1
1164.0
1719.3
2104.1
1562.1
2329.1
2281.9
1304.6
1587.9
1221.6
2266.7
1812.8
1532.7
2346.5
1660.5
1311.5
1140.9
1593.8
1260.1

622.4
1607.8
1341.3
1379.2
640.2
322.1
1240.0
462.0
1504.3
668.0
8614.7
1079.6
1140.0
800.0
2066.6
1713.7
2709.0
703.5
964.9
1078.0
339.2
983.0
2557.6
405.2
1475.9
490.4
1105.8
932.6
1121.4
4030.7
519.4
504.4
949.7
2065.0
829.6
1887.4
2294.7
1205.4
1103.2
648.9
2274.7
1318.8
811.7
2544.5
960.9
692.3
548.9
980.3
994.6

5.3
4.5
5.0
2.9
6.7
6.5
3.8
6.1
6.3
6.5
6.3
3.7
4.9
5.3
4.4
4.1
3.2
1.5
2.5
5.0
6.7
6.1
5.3
6.1
3.9
6.4
5.2
5.9
5.2
2.6
6.8
6.5
3.9
4.3
4.3
2.0
5.5
6.5
4.5
6.3
3.7
3.4
4.2
4.1
5.4
6.5
6.6
5.1
6.7

2.0
2.5
2.4
2.2
1.3
0.9
2.2
1.8
1.6
1.0
1.5
2.4
2.3
2.0
2.4
2.3
2.2
1.3
2.2
2.1
1.1
1.8
1.9
1.7
2.4
1.5
1.9
1.7
2.0
2.0
0.7
1.5
2.1
2.5
2.3
1.4
1.7
1.0
2.4
1.4
2.1
2.3
2.2
2.0
2.2
1.0
0.9
2.2
1.4


yodel
yoga
yogurt
yonder
yourself
yummy
yuppie
zebra
zephyr
zero
zipper
zombie

1693.4
1142.9
1375.8
2572.4
1928.0
1741.8
1940.3
1100.6
1963.0
1416.7
967.1
1181.0

1532.6
675.8
997.2
2664.5
1527.7
1027.8
1378.1
842.3
1473.7
555.0
307.8
543.4

4.5
6.5
6.4
3.4
5.5
4.6
4.3
6.6
3.1
6.0
6.7
6.7

2.3
1.0
1.5
2.0
2.1
2.3
2.4
1.2
2.3
2.1
0.8
0.7


